1 Pheasant 1 104 33 0 6 5 0 0 36 0 0 0 1 6 0 1000 500 1 3 150 0 0 0 500 99 99 99 99 99 99 99 99 1000000 1001000 0 0 0 0 7000 0
2 Turtledove 1 304 81 0 16 15 0 0 37 0 0 0 1 6 0 1000 500 7 3 360 0 0 0 500 99 0 99 99 0 0 99 1 1000000 1001000 0 0 0 0 7000 0
3 Robin 1 132 183 0 35 31 0 2 36 0 0 0 1 8 0 1000 500 12 3 480 0 0 0 500 0 1 0 0 1 1 99 3 1000000 1001000 0 0 0 0 7000 0
4 Apparition 1 108 303 0 46 42 0 2 69 0 0 0 1 8 0 1000 500 17 3 600 0 1 0 500 1 2 1 1 2 2 99 3 1000000 1001000 0 0 0 0 7000 0
5 Poltergeist 1 108 548 0 60 53 0 4 71 0 0 0 1 8 0 1000 500 22 3 660 0 1 0 500 1 3 1 1 3 3 99 5 1000010 1001010 0 0 0 0 7000 0
6 WingedSnake 1 203 667 0 73 65 0 4 73 0 0 0 1 8 0 1000 500 27 3 810 0 1 0 500 2 4 2 2 4 4 99 5 1000010 1001010 0 0 0 0 7000 0
7 Bandit 1 201 817 0 89 81 0 10 75 0 0 0 1 8 0 1000 500 32 3 930 0 1 0 500 3 5 2 2 5 5 99 7 1000010 1001010 0 0 0 0 7000 0
8 Ratling 1 202 999 0 114 103 0 14 78 0 0 0 1 8 0 1000 500 37 3 1080 0 1 0 500 3 6 3 3 6 6 99 7 1000010 1001010 0 0 0 0 7000 0
9 FireSpirit 1 202 1828 0 133 119 0 15 75 0 0 0 1 8 0 1000 500 42 3 1560 0 1 0 500 4 7 3 3 7 7 0 9 1000020 1001020 0 0 0 0 7000 0
10 Macaque 1 156 2199 0 173 156 0 18 78 0 0 0 1 8 0 1000 500 47 3 1740 0 1 0 500 4 8 4 4 8 8 1 9 1000020 1001020 0 0 0 0 7000 0
11 GiantApe 1 156 2643 0 222 200 0 18 79 0 0 0 1 8 0 1000 500 52 3 1890 0 2 0 500 5 9 5 5 9 9 2 11 1000020 1001020 0 0 0 0 7000 0
12 ThunderApe 1 103 3184 0 281 253 0 18 82 0 0 0 1 8 0 1000 500 57 3 2070 0 1 0 500 5 11 5 5 11 11 3 11 1000020 1001020 0 0 0 0 7000 0
13 Snakeman 1 204 4771 0 350 315 0 21 83 0 0 0 1 8 0 1000 500 62 3 2670 0 1 0 500 6 12 6 6 12 12 3 13 1000030 1001030 0 0 0 0 7000 0
14 SandMonster 1 131 5760 0 439 397 0 21 87 0 0 0 1 8 0 1000 500 67 3 2940 0 3 0 500 6 13 6 6 13 13 4 13 1000030 1001030 0 0 0 0 7000 0
15 HillMonster 1 105 7358 0 496 448 0 25 83 0 0 0 1 8 0 1000 500 72 3 3180 0 2 0 500 6 14 6 6 14 14 4 15 1000030 1001030 0 0 0 0 7000 0
16 RockMonster 1 105 8459 0 589 532 0 25 86 0 0 0 1 8 0 1000 500 77 3 3420 0 2 0 500 7 15 6 6 15 15 5 15 1000030 1001030 0 0 0 0 7000 0
17 BladeGhost 1 200 11673 0 691 624 0 28 87 0 0 0 1 12 0 1000 500 82 3 4200 0 1 0 500 7 16 7 7 16 16 6 17 1002000 1001040 0 0 0 0 7000 0
18 Birdman 1 205 13422 0 810 731 0 28 85 0 0 0 1 8 0 1000 500 87 3 4470 0 1 0 500 8 17 7 7 17 17 7 17 1002000 1001040 0 0 0 0 7000 0
19 HawKing 1 205 15432 0 946 855 0 28 85 0 0 0 1 10 0 1000 1000 92 3 4680 0 1 0 500 8 18 8 8 18 18 7 19 1002000 1001040 0 0 0 0 7000 0
20 TombBat 1 206 24472 0 1253 1134 0 30 86 0 0 0 1 10 0 1000 1000 102 3 5280 0 1 0 500 8 20 9 9 20 20 8 21 1002010 1002030 0 0 0 0 7000 0
21 FlyingRooster 1 304 33 0 8 7 4 0 36 0 0 0 1 8 0 1000 1000 3 3 150 0 0 0 500 99 99 99 99 99 99 99 99 1000000 1001000 0 70 0 0 7000 0
22 BlueCooer 1 304 81 0 20 19 12 0 37 0 0 0 1 8 0 1000 1000 10 3 360 0 0 0 500 99 0 99 99 0 0 99 99 1000010 1001000 0 70 0 0 7000 0
23 GameBird 1 332 183 0 44 39 34 2 36 0 0 0 1 8 0 1000 1000 15 3 480 0 0 0 500 0 1 0 0 1 1 99 0 1000020 1001000 0 70 0 0 7000 0
24 WarGhost 1 308 303 0 58 53 48 2 69 0 0 0 1 8 0 1000 1000 20 3 600 0 1 0 500 1 2 1 1 2 2 99 1 1000020 1001010 0 70 0 0 7000 0
25 BattleGhost 1 308 548 0 75 67 74 4 71 0 0 0 1 8 0 1000 1000 25 3 660 0 1 0 500 1 3 1 1 3 3 99 1 1000030 1001010 0 70 0 0 7000 0
26 FireSnake 1 403 667 0 92 82 98 4 73 0 0 0 1 8 0 1000 500 30 3 810 0 1 0 400 2 4 2 2 4 4 99 2 1000030 1001020 0 70 0 0 7000 0
27 CateranBoss 1 401 817 0 112 102 120 6 75 0 0 0 1 8 0 1000 500 35 3 930 0 1 0 400 3 5 2 2 5 5 99 2 1000030 1001020 0 70 0 0 7000 0
28 BlueElf 1 402 999 0 143 129 160 6 78 0 0 0 1 8 0 1000 500 40 3 1080 0 1 0 400 3 6 3 3 6 6 99 3 1002000 1001020 0 70 0 0 7000 0
29 ElfKing 1 402 1828 0 167 149 200 6 75 0 0 0 1 8 0 1000 500 45 3 1560 0 1 0 400 4 7 3 3 7 7 0 3 1002000 1001020 0 70 0 0 7000 0
30 SmartMonkey 1 356 2199 0 217 195 250 5 78 0 0 0 9 8 0 1000 500 50 3 1740 0 3 0 400 4 8 4 4 8 8 1 4 1002000 1001020 1001 70 100 0 7000 0
31 RoaringApe 1 356 2643 0 278 250 300 3 79 0 0 0 9 8 0 1000 500 55 3 1890 0 2 0 400 5 9 5 5 9 9 2 4 1002010 1001020 1150 70 100 0 7000 0
32 SnowApe 1 303 3184 0 352 317 350 5 82 0 0 0 1 8 0 1000 500 60 3 2070 0 1 0 400 5 11 5 5 11 11 3 5 1002010 1001020 0 70 0 0 7000 0
33 CrazySnake 1 404 4771 0 438 394 400 3 83 0 0 0 1 8 0 1000 500 65 3 2670 0 1 0 400 6 12 6 6 12 12 3 5 1002010 1001020 0 70 0 0 7000 0
34 SandDevil 1 131 5760 0 549 497 450 4 87 0 0 0 1 8 0 1000 500 70 3 2940 0 3 0 400 6 13 6 6 13 13 4 6 1002010 1001020 0 60 0 0 7000 0
35 MountMonster 1 305 7358 0 620 560 450 3 83 0 0 0 1 8 0 1000 500 75 3 3180 0 2 0 400 6 14 6 6 14 14 4 6 1002010 1001020 0 60 0 0 7000 0
36 StoneMonster 1 305 8459 0 737 665 512 8 86 0 0 0 1 8 0 1000 500 80 3 3420 0 2 0 400 7 15 6 6 15 15 5 7 1002010 1001020 0 60 0 0 7000 0
37 BladeMonster 1 400 11673 0 864 780 550 7 87 0 0 0 1 8 0 1000 500 85 3 4200 0 1 0 400 7 16 7 7 16 16 6 7 1002020 1001020 0 60 0 0 7000 0
38 BirdKing 1 405 13422 0 1013 914 600 11 91 0 0 0 9 8 0 1000 500 90 3 4470 0 1 0 400 8 17 7 7 17 17 7 8 1002020 1001020 1002 60 30 0 7000 0
39 SilverHawk 1 405 15432 0 1183 1069 700 11 92 0 0 0 1 10 0 1000 1000 95 3 4680 0 1 0 400 8 18 8 8 18 18 7 8 1002020 1001020 0 60 0 0 7000 0
40 Robber 1 401 20697 0 1504 1125 800 13 86 0 0 0 1 10 0 1000 1000 100 3 5010 0 1 0 400 8 19 8 8 19 19 8 8 1002020 1001020 0 60 0 0 7000 0
51 MonolithMonster 1 136 7358 0 140 120 0 3 83 0 0 0 1 15 0 1000 500 42 3 1920 0 2 0 1000 0 0 0 0 0 0 0 9 0 0 0 0 0 0 7000 0
55 BanditL97 1 201 20697 0 1203 900 0 30 86 0 0 0 1 10 0 1000 1000 97 3 5010 0 1 0 500 8 19 8 8 19 19 8 19 1002010 1002030 0 0 0 0 7000 0
56 BloodyBat 1 148 28140 0 1602 1200 0 30 85 0 0 0 1 10 0 1000 1000 107 3 5520 0 1 0 500 9 21 9 9 21 21 9 21 1002010 1002030 0 0 0 0 7000 0
57 BullMonster 1 117 35050 0 1880 1300 0 33 86 0 0 0 1 10 0 1000 1000 112 3 5940 0 2 0 500 9 22 9 9 22 22 9 23 1002020 1002040 0 0 0 0 7000 0
58 RedDevilL117 1 197 60460 0 2228 1500 0 33 86 0 0 0 1 10 0 1000 1000 117 3 8940 0 1 0 500 9 21 9 9 21 21 9 23 1002020 1002040 0 0 0 0 7000 0
59 59 1 536 1000 0 46 40 0 3 83 0 0 0 1 15 0 1000 500 15 3 720 0 2 0 1000 0 0 0 0 0 0 0 0 0 0 0 0 0 0 7000 0
64 HeavyGhostL23 1 508 1096 0 63 56 0 4 71 0 0 0 2 15 0 1000 500 23 3 660 0 1 0 200 1 3 1 1 3 3 99 1 1000030 1001010 0 0 0 0 7000 0
65 WingedSnakeL28 1 603 1334 0 77 69 0 4 73 0 0 0 2 15 0 1000 250 28 3 810 0 1 0 100 2 4 2 2 4 4 99 2 1000030 1001020 0 0 0 0 7000 0
66 BanditL33 1 601 2451 0 94 86 0 6 75 0 0 0 2 15 0 1000 250 33 3 930 0 1 0 100 3 5 2 2 5 5 99 2 1000030 1001020 0 0 0 0 7000 0
67 FireRatL38 1 602 2997 0 120 109 0 6 78 0 0 0 2 15 0 1000 250 38 3 1080 0 1 0 100 3 6 3 3 6 6 99 3 1002000 1001020 0 0 0 0 7000 0
68 FireSpiritL43 1 602 5484 0 140 125 0 6 75 0 0 0 2 15 0 1000 250 43 3 1560 0 1 0 100 4 7 3 3 7 7 0 3 1002000 1001020 0 0 0 0 7000 0
69 MacaqueL48 1 556 6597 0 182 164 0 5 78 0 0 0 2 15 0 1000 250 48 3 1740 0 1 0 100 4 8 4 4 8 8 1 4 1002000 1001020 0 0 0 0 7000 0
70 GiantApeL53 1 556 7929 0 234 210 0 3 79 0 0 0 2 15 0 1000 250 53 3 1890 0 2 0 100 5 9 5 5 9 9 2 4 1002010 1001020 0 0 0 0 7000 0
71 ThunderApeL58 1 503 9552 0 296 266 0 5 82 0 0 0 2 15 0 1000 250 58 3 2070 0 1 0 100 5 11 5 5 11 11 3 5 1002010 1001020 0 0 0 0 7000 0
72 SnakemanL63 1 604 14313 0 368 331 0 3 83 0 0 0 2 15 0 1000 250 63 3 2670 0 1 0 100 6 12 6 6 12 12 3 5 1002010 1001020 0 0 0 0 7000 0
73 SandMonsterL68 1 531 17280 0 461 417 0 4 87 0 0 0 2 15 0 1000 250 68 3 2940 0 3 0 100 6 13 6 6 13 13 4 6 1002010 1001020 0 0 0 0 7000 0
74 HillMonsterL73 1 505 22074 0 521 471 0 3 83 0 0 0 2 15 0 1000 250 73 3 3180 0 2 0 100 6 14 6 6 14 14 4 6 1002010 1001020 0 0 0 0 7000 0
75 RockMonsterL78 1 505 16918 0 619 559 0 8 86 0 0 0 2 15 0 1000 250 78 3 3420 0 2 0 100 7 15 6 6 15 15 5 7 1002010 1001020 0 0 0 0 7000 0
76 BladeGhostL83 1 200 23346 0 726 656 0 7 87 0 0 0 2 15 0 1000 250 83 3 4200 0 1 0 100 7 16 7 7 16 16 6 7 1002020 1001020 0 0 100 0 7000 0
77 BirdmanL88 1 605 26844 0 851 768 0 11 91 0 0 0 2 15 0 1000 250 88 3 4470 0 1 0 100 8 17 7 7 17 17 7 8 1002020 1001020 0 0 0 0 7000 0
78 HawkL93 1 605 30864 0 994 898 0 11 92 0 0 0 2 18 0 1000 250 93 3 4680 0 1 0 100 8 18 8 8 18 18 7 8 1002020 1001020 0 0 0 0 7000 0
79 BanditL98 1 601 41394 0 1263 945 0 13 86 0 0 0 1 18 0 1000 500 98 3 5010 0 1 0 100 8 19 8 8 19 19 8 8 1002020 1001020 0 0 0 0 7000 0
80 TombBatL103 1 606 48944 0 1316 1191 0 13 86 0 0 0 2 18 0 1000 500 103 3 5280 0 3 0 100 8 20 9 9 20 20 8 9 1002020 1001020 0 0 0 0 7000 0
81 BloodyBatL108 1 548 56280 0 1682 1260 0 13 89 0 0 0 1 18 0 1000 500 108 3 5520 0 1 0 100 9 21 9 9 21 21 9 9 1002020 1001020 0 0 0 0 7000 0
82 BullMonsterL113 1 517 65535 0 1974 1365 0 19 86 0 0 0 1 18 0 1000 500 113 3 5940 0 2 0 100 9 22 9 9 22 22 9 9 1002020 1001020 0 0 0 0 7000 0
83 RedDevilL118 1 597 65535 0 2339 1575 0 19 86 0 0 0 1 18 0 1000 500 118 3 8940 0 1 0 100 9 21 9 9 21 21 9 9 1002020 1001020 0 0 0 0 7000 0
84 Banditti 1 201 40000 0 1326 992 900 13 86 0 0 0 1 10 1000 1000 500 98 3 5010 0 1 0 300 8 19 8 8 19 19 8 8 1002020 1001020 0 60 0 0 7000 0
85 BanditKing 1 201 45000 0 1389 1039 1000 13 86 0 0 0 1 20 40000 1000 500 103 3 5010 0 3 0 100 8 19 8 8 19 19 8 8 1002020 1001020 0 70 0 0 7000 0
86 VampireBat 1 148 50000 0 1766 1323 900 13 89 0 0 0 1 10 1500 1000 500 108 3 5520 0 1 0 300 9 21 9 9 21 21 9 9 1002020 1001020 0 60 0 0 7000 0
87 VampireKing 1 148 55000 0 1850 1386 1000 13 89 0 0 0 1 20 50000 1000 500 113 3 5520 0 2 0 100 9 21 9 9 21 21 9 9 1002020 1001020 0 70 0 0 7000 0
88 BloodyDevil 1 197 60000 0 2455 1653 900 19 86 0 0 0 1 10 2000 1000 500 118 3 8940 0 1 0 300 9 21 9 9 21 21 9 9 1002020 1001020 0 60 0 0 7000 0
89 DevilKingL120 1 197 65000 0 2572 1732 1000 19 86 0 0 0 1 20 0 1000 500 120 3 8940 0 1 0 100 9 21 9 9 21 21 9 9 1002020 1001020 0 70 0 0 7000 0
90 FlyingBat 1 406 24472 0 1567 1418 900 13 86 0 0 0 1 10 0 1000 1000 105 3 5280 0 3 0 400 8 20 9 9 20 20 8 9 1002020 1001020 0 60 0 0 7000 0
91 BloodyKing 1 348 28140 0 2003 1500 1000 13 89 0 0 0 1 10 0 1000 1000 110 3 5520 0 2 0 400 9 21 9 9 21 21 9 9 1002020 1001020 0 60 0 0 7000 0
92 BullDevil 1 317 35050 0 2350 1625 1200 19 86 0 0 0 1 10 0 1000 1000 115 3 5940 0 2 0 400 9 22 9 9 22 22 9 9 1002020 1001020 0 60 0 0 7000 0
93 GreenDevil 1 397 60460 0 2785 1875 1200 19 86 0 0 0 1 10 0 1000 1000 120 3 8940 0 1 0 400 9 21 9 9 21 21 9 9 1002020 1001020 0 60 0 0 7000 0
100 Skeleton 1 211 30000 0 2500 2500 30 20 50 0 0 0 11 12 2000 2000 1000 70 3 4800 0 2 0 500 7 15 6 6 15 15 5 7 1002010 1001020 0 50 0 0 7000 0
101 GhostWarrior 1 211 20000 0 2500 2500 500 15 50 0 0 0 4 15 500 1000 5000 80 3 7200 0 2 0 100 7 15 6 6 15 15 5 7 1002010 1001020 0 30 0 0 7000 0
102 SkeletonKing 1 211 50000 0 2500 2500 100 20 50 0 0 0 12 12 3000 2000 1000 120 3 4800 0 1 0 500 7 15 6 6 15 15 5 7 1002010 1001020 0 50 0 0 7000 0
103 GhostAres 1 211 60000 0 2500 2500 200 20 50 0 0 0 12 12 5000 2000 1000 120 3 4800 0 2 0 500 7 15 6 6 15 15 5 7 1002010 1001020 0 70 0 0 7000 0
105 RockMonster 1 136 606 0 50 42 0 2 69 0 0 0 1 10 0 1000 1000 17 3 600 0 2 0 1000 1 2 1 1 2 2 99 3 1000020 1001010 0 0 0 0 7000 0
106 RockMonster 1 136 3656 0 146 119 0 6 75 0 0 0 1 10 0 1000 1000 42 3 1560 0 2 0 1000 4 7 3 3 7 7 0 9 1002000 1001020 0 0 0 0 7000 0
107 RockMonster 1 136 14716 0 545 448 0 3 83 0 0 0 1 15 0 1000 1000 72 3 3180 0 2 0 1000 6 14 6 6 14 14 4 15 1002010 1001020 0 0 0 0 7000 0
108 RockMonster 1 136 30864 0 1040 855 0 11 92 0 0 0 1 15 0 1000 1000 92 3 4680 0 2 0 1000 8 18 8 8 18 18 7 19 1002020 1001020 0 0 0 0 7000 0
110 WindSnake 1 203 400 0 73 65 0 4 73 0 0 0 1 8 0 1000 500 27 3 810 0 1 0 500 2 4 2 2 4 4 99 5 1000010 1001010 0 0 0 0 7000 0
111 AlienBandit 1 201 600 0 89 81 0 6 75 0 0 0 1 8 0 1000 500 32 3 930 0 1 0 500 3 5 2 2 5 5 99 7 1000010 1001010 0 0 0 0 7000 0
112 FireRat 1 202 800 0 114 103 0 6 78 0 0 0 1 8 0 1000 500 37 3 1080 0 1 0 500 3 6 3 3 6 6 99 7 1000010 1001010 0 0 0 0 7000 0
113 FireSpirit 1 202 1500 0 133 119 0 6 75 0 0 0 1 8 0 1000 500 42 3 1560 0 1 0 500 4 7 3 3 7 7 0 9 1000020 1001020 0 0 0 0 7000 0
120 MinMacaque 1 156 1759 0 173 156 0 5 78 0 0 0 1 8 0 1000 500 47 3 1740 0 1 0 500 4 8 4 4 8 8 1 9 1000020 1001020 0 0 0 0 7000 0
121 ElfApe 1 156 2114 0 222 200 0 3 79 0 0 0 1 8 0 1000 500 52 3 1890 0 2 0 500 5 9 5 5 9 9 2 11 1000020 1001020 0 0 0 0 7000 0
122 SlowApe 1 103 2547 0 281 253 0 5 82 0 0 0 1 8 0 1000 500 57 3 2070 0 1 0 500 5 11 5 5 11 11 3 11 1000020 1001020 0 0 0 0 7000 0
123 SnakeMonster 1 204 3817 0 350 315 0 3 83 0 0 0 1 8 0 1000 500 62 3 2670 0 1 0 500 6 12 6 6 12 12 3 13 1000030 1001030 0 0 0 0 7000 0
124 SandElf 1 131 4608 0 439 397 0 21 87 0 0 0 1 8 0 1000 500 67 3 1440 0 3 0 500 6 13 6 6 13 13 4 13 1000030 1001030 0 0 0 0 7000 0
125 LapidatingMob 1 105 5886 0 496 448 0 25 83 0 0 0 1 8 0 1000 500 72 3 1680 0 2 0 500 6 14 6 6 14 14 4 15 1000030 1001030 0 0 0 0 7000 0
126 ToughMonster 1 105 6767 0 589 532 0 25 86 0 0 0 1 8 0 1000 500 77 3 1680 0 2 0 500 7 15 6 6 15 15 5 15 1000030 1001030 0 0 0 0 7000 0
127 EvilBlade 1 200 9338 0 691 624 0 28 87 0 0 0 1 12 0 1000 500 82 3 2160 0 1 0 500 7 16 7 7 16 16 6 17 1002000 1001040 0 0 0 0 7000 0
200 DevilKing 1 197 65000 0 800 800 0 19 75 0 0 0 1 10 0 2000 500 120 3 1440 0 1 0 100 9 21 9 9 21 22 9 21 1002020 1002030 1001 0 50 0 7000 0
201 DevilKingL125 1 197 65000 0 900 900 0 19 75 0 0 0 1 10 0 2000 500 122 3 1440 0 1 0 100 9 21 9 9 21 22 9 21 1002020 1002030 1002 0 50 0 7000 0
900 Guard1 1 900 50000 0 65535 65535 0 50 85 0 0 0 15 15 0 1000 1000 200 15 0 0 1 0 500 0 0 0 0 0 0 0 0 1002020 1001020 8036 0 100 0 7000 0
910 Guard2 1 910 5000 0 1000 500 50000 250 85 0 0 0 2 15 0 1000 1000 60 55 0 0 1 0 500 0 0 0 0 0 0 0 0 0 0 8036 90 100 0 7000 0
911 Patrol 1 910 5000 0 5000 2000 50000 250 85 0 0 0 2 15 0 1000 1000 60 0 0 0 1 0 500 0 0 0 0 0 0 0 0 0 0 0 90 0 0 7000 0
1400 HugeSnake 1 203 1828 0 60 60 20 15 70 0 0 0 1 8 0 2000 500 42 3 0 0 1 0 500 4 7 3 3 7 7 0 9 1000020 1001020 1000 0 100 0 7000 0
1401 BanditLeader 1 201 2643 0 100 100 20 18 70 0 0 0 1 8 0 2000 500 52 3 0 0 2 0 500 5 9 5 5 9 9 2 11 1000020 1001020 1000 20 100 0 7000 0
1402 HugeSpirit 1 202 3184 0 160 160 50 5 70 0 0 0 1 8 0 2000 500 57 3 0 0 1 0 400 5 11 5 5 11 11 3 5 1002010 1001020 1000 20 100 0 7000 0
1403 CateranSoldier 1 401 4771 0 220 220 50 3 70 0 0 0 1 8 0 2000 500 62 3 0 0 1 0 400 6 12 6 6 12 12 3 5 1002010 1001020 1000 20 100 0 7000 0
1404 SeniorCateran 1 401 5760 0 260 260 80 4 70 0 0 0 1 8 0 2000 500 67 3 0 0 0 0 400 6 13 6 6 13 13 4 6 1002010 1001020 1000 20 100 0 7000 0
1405 CateranLeader 1 211 7358 0 300 300 80 3 70 0 0 0 1 8 0 2000 500 72 3 0 0 2 0 400 6 14 6 6 14 14 4 6 1002010 1001020 1000 20 100 0 7000 0
1406 ChiefCateran 1 211 8459 0 360 360 100 8 70 0 0 0 1 8 0 2000 500 78 3 0 0 2 0 400 7 15 6 6 15 15 5 7 1002010 1001020 1000 20 100 0 7000 0
1407 HugeApe 1 156 11673 0 440 440 100 7 70 0 0 0 1 8 0 2000 500 82 3 0 0 1 0 400 7 16 7 7 16 16 6 7 1002020 1001020 1000 20 100 0 7000 0
1408 SeniorApe 1 103 13422 0 500 500 150 11 70 0 0 0 9 8 0 2000 500 88 3 0 0 1 0 400 8 17 7 7 17 17 7 8 1002020 1001020 1000 20 100 0 7000 0
1409 AlienApe 1 503 15432 0 600 600 150 11 70 0 0 0 1 10 0 2000 1000 92 3 0 0 1 0 400 8 18 8 8 18 18 7 8 1002020 1001020 1000 20 100 0 7000 0
1410 SeniorSnakeman 1 204 20697 0 620 620 200 13 70 0 0 0 1 10 0 2000 1000 97 3 0 0 1 0 400 8 19 8 8 19 19 8 8 1002020 1001020 1000 20 100 0 7000 0
1411 Serpent 1 404 24472 0 700 700 200 13 70 0 0 0 1 10 0 2000 1000 102 3 0 0 1 0 400 8 20 9 9 20 20 8 9 1002020 1001020 1000 20 100 0 7000 0
1412 SeniorSerpent 1 604 28140 0 800 800 250 13 70 0 0 0 1 10 0 2000 1000 107 3 0 0 1 0 400 9 21 9 9 21 21 9 9 1002020 1001020 1000 20 100 0 7000 0
1413 AlienSerpent 1 244 35050 0 900 900 250 19 70 0 0 0 1 10 0 2000 1000 112 3 0 0 1 0 400 9 22 9 9 22 22 9 9 1002020 1001020 1000 20 100 0 7000 0
1414 Basilisk 1 244 60460 0 1000 1000 300 19 70 0 0 0 1 10 0 2000 1000 117 3 0 0 1 0 400 9 21 9 9 21 21 9 9 1002020 1001020 1000 20 100 0 7000 0
1610 Goblin 1 133 33 0 6 5 0 0 36 0 0 0 1 8 0 1000 500 1 3 180 0 0 0 500 99 99 99 99 99 99 99 99 1000000 1001000 0 0 0 0 7000 0
2000 2000 1 214 50000 0 282 179 130 50 9 0 0 0 1 8 0 1000 500 60 3 0 0 1 0 200 99 99 99 99 99 99 99 99 1002020 1002030 0 34 0 0 7000 0
2001 2001 1 214 50000 0 395 245 160 55 12 0 0 0 1 8 0 1000 500 60 3 0 0 1 0 200 99 99 99 99 99 99 99 99 1002020 1002030 0 45 0 0 7000 0
2002 2002 1 214 50000 0 616 367 210 60 15 0 0 0 1 8 0 1000 500 60 3 0 0 1 0 200 99 99 99 99 99 99 99 99 1002020 1002030 0 53 0 0 7000 0
2003 2003 1 214 50000 0 724 429 290 65 15 0 0 0 1 8 0 1000 500 60 3 0 0 1 0 200 99 99 99 99 99 99 99 99 1002020 1002030 0 53 0 0 7000 0
2005 2005 1 213 1048 0 930 656 290 80 40 0 0 0 1 8 0 500 1000 60 3 0 0 1 0 500 99 99 99 99 99 99 99 99 0 0 0 45 0 0 7000 0
2006 2006 1 213 1130 0 1062 750 320 80 40 0 0 0 1 8 0 500 1000 65 3 0 0 1 0 500 99 99 99 99 99 99 99 99 0 0 0 46 0 0 7000 0
2007 2007 1 213 1205 0 1292 910 510 80 40 0 0 0 1 8 0 500 1000 70 3 0 0 1 0 500 99 99 99 99 99 99 99 99 0 0 0 50 0 0 7000 0
2008 2008 1 213 1279 0 1428 1000 600 80 40 0 0 0 1 8 0 500 1000 75 3 0 0 1 0 500 99 99 99 99 99 99 99 99 0 0 0 53 0 0 7000 0
2009 2009 1 213 1476 0 1570 1100 700 80 40 0 0 0 1 8 0 500 500 80 3 0 0 1 0 300 99 99 99 99 99 99 99 99 0 0 0 55 0 0 7000 0
2010 2010 1 274 50000 0 1231 704 530 70 20 0 0 0 1 8 0 1000 500 60 3 0 0 1 0 200 99 99 99 99 99 99 99 99 1002020 1002030 0 50 0 0 7000 0
2011 2011 1 274 50000 0 1673 941 800 70 25 0 0 0 1 8 0 1000 500 60 3 0 0 1 0 200 99 99 99 99 99 99 99 99 1002020 1002030 0 53 0 0 7000 0
2012 2012 1 274 50000 0 1991 1107 950 70 30 0 0 0 1 8 0 1000 500 60 3 0 0 1 0 200 99 99 99 99 99 99 99 99 1002020 1002030 0 55 0 0 7000 0
2013 2013 1 374 50000 0 2226 1235 1600 70 35 0 0 0 1 8 0 1000 500 60 3 0 0 1 0 200 99 99 99 99 99 99 99 99 1002020 1002030 0 55 0 0 7000 0
2020 2020 1 207 3000 0 182 122 1300 100 35 0 0 0 1 8 0 1000 500 55 35 0 0 1 0 200 99 99 99 99 99 99 99 99 0 0 0 94 0 0 7000 0
2021 2021 1 207 3000 0 200 134 1400 100 40 0 0 0 1 8 0 1000 500 65 35 0 0 1 0 200 99 99 99 99 99 99 99 99 0 0 0 96 0 0 7000 0
2022 2022 1 267 3000 0 240 160 1500 100 45 0 0 0 1 8 0 1000 500 75 35 0 0 1 0 200 99 99 99 99 99 99 99 99 0 0 0 97 0 0 7000 0
2023 2023 1 267 3000 0 258 172 1600 100 50 0 0 0 1 8 0 1000 500 85 35 0 0 1 0 200 99 99 99 99 99 99 99 99 0 0 0 98 0 0 7000 0
2024 2024 1 267 3000 0 300 200 1900 100 55 0 0 0 1 8 0 1000 500 95 35 0 0 1 0 200 99 99 99 99 99 99 99 99 0 0 0 99 0 0 7000 0
2030 2030 1 217 4000 0 1215 610 100 100 30 0 0 0 7 8 0 500 100 80 3 0 0 7 0 200 99 99 99 99 99 99 99 99 0 0 0 96 0 0 7000 0
2031 2031 1 217 4000 0 1310 650 400 100 30 0 0 0 7 8 0 500 100 90 3 0 0 7 0 200 99 99 99 99 99 99 99 99 0 0 0 97 0 0 7000 0
2032 2032 1 277 4000 0 1420 710 650 100 30 0 0 0 8 8 0 500 100 100 3 0 0 8 0 200 99 99 99 99 99 99 99 99 0 0 0 98 0 0 7000 0
2033 2033 1 277 4000 0 1555 780 720 110 30 0 0 0 9 8 0 500 100 110 3 0 0 9 0 200 99 99 99 99 99 99 99 99 0 0 0 98 0 0 7000 0
2034 2034 1 377 4000 0 1660 840 1200 120 30 0 0 0 9 8 0 500 100 120 3 0 0 9 0 200 99 99 99 99 99 99 99 99 0 0 0 99 0 0 7000 0
2040 2040 1 273 1629 0 1700 1200 880 80 40 0 0 0 1 8 0 500 500 85 3 0 0 1 0 300 99 99 99 99 99 99 99 99 0 0 0 57 0 0 7000 0
2041 2041 1 273 1803 0 1900 1300 1540 80 40 0 0 0 1 8 0 500 500 95 3 0 0 1 0 300 99 99 99 99 99 99 99 99 0 0 0 59 0 0 7000 0
2042 2042 1 273 1998 0 2100 1500 1880 80 40 0 0 0 1 8 0 500 500 105 3 0 0 1 0 300 99 99 99 99 99 99 99 99 0 0 0 61 0 0 7000 0
2043 2043 1 373 2088 0 2300 1600 1970 80 40 0 0 0 1 8 0 500 500 115 3 0 0 1 0 300 99 99 99 99 99 99 99 99 0 0 0 63 0 0 7000 0
2090 2090 1 266 33 0 6 5 0 0 36 0 0 0 1 6 0 1000 500 1 3 0 0 1 0 500 0 0 0 0 0 0 0 0 0 0 0 0 0 0 7000 0
2091 2091 1 165 33 0 6 5 0 0 36 0 0 0 1 6 0 1000 500 1 3 0 0 1 0 500 0 0 0 0 0 0 0 0 0 0 0 0 0 0 7000 0
2092 2092 1 263 33 0 6 5 0 0 36 0 0 0 1 6 0 1000 500 1 3 0 0 1 0 500 0 0 0 0 0 0 0 0 0 0 0 0 0 0 7000 0
2093 2093 1 445 11000 0 1000 1000 0 100 33 0 0 0 9 10 0 1300 500 97 3 15600 0 1 0 500 99 99 99 99 99 99 99 99 1002050 1001040 3014 96 70 0 7000 0
2094 2094 1 804 18000 0 1300 1300 0 100 37 0 0 0 9 10 0 1300 500 112 3 0 0 1 0 500 99 99 99 99 99 99 99 99 1002020 1001020 3019 99 70 0 7000 0
2095 2095 1 604 15000 0 1100 1100 0 100 35 0 0 0 9 10 0 1300 500 102 3 0 0 1 0 500 99 99 99 99 99 99 99 99 1002020 1001020 3019 99 70 0 7000 0
2100 2100 1 231 33 0 6 5 0 0 36 0 0 0 1 6 0 1000 500 1 3 180 0 0 0 500 99 99 99 99 99 99 99 99 1000000 1001000 0 0 0 0 7000 0
2101 2101 1 232 183 0 35 31 0 2 36 0 0 0 1 8 0 1000 500 12 3 600 0 0 0 500 0 1 0 0 1 1 99 3 1000000 1001000 0 0 0 0 7000 0
2102 2102 1 233 183 0 35 31 0 2 36 0 0 0 1 8 0 1000 500 12 3 600 0 0 0 500 0 1 0 0 1 1 99 3 1000000 1001000 0 0 0 0 7000 0
2130 2130 1 197 500 0 100 20 100 46 90 0 0 0 3 20 0 1000 500 120 3 6960 0 2 0 500 99 99 99 99 99 99 99 99 0 0 0 0 0 0 7000 0
2131 2131 1 157 500 0 100 20 100 46 90 0 0 0 3 20 0 1000 500 120 3 6960 0 2 0 500 99 99 99 99 99 99 99 99 0 0 0 0 0 0 7000 0
2132 2132 1 209 500 0 100 20 100 46 90 0 0 0 3 20 0 1000 500 120 3 6960 0 2 0 500 99 99 99 99 99 99 99 99 0 0 0 0 0 0 7000 0
3000 OddMonster 1 105 18205 0 2466 2166 712 58 100 0 0 0 1 18 0 2000 500 118 3 480 0 1 0 100 99 99 99 99 99 99 99 99 1002020 1002030 0 30 0 0 7000 0
3001 NorthMonster 1 105 14335 0 2070 1770 597 47 100 0 0 0 1 18 0 2000 500 108 3 600 0 1 0 100 99 99 99 99 99 99 99 99 1002020 1002030 0 30 0 0 7000 0
3002 SouthMonster 1 105 9937 0 1745 1445 452 41 99 0 0 0 1 18 0 2000 500 98 3 660 0 1 0 100 99 99 99 99 99 99 99 99 1002020 1002030 0 30 0 0 7000 0
3003 WestMonster 1 105 6813 0 1037 737 341 34 94 0 0 0 2 15 0 2000 250 88 3 810 0 1 0 100 99 99 99 99 99 99 99 99 1002010 1001040 0 30 0 0 7000 0
3004 EastMonster 1 105 4545 0 704 404 253 28 93 0 0 0 2 15 0 2000 250 78 3 930 0 1 0 100 99 99 99 99 99 99 99 99 1002010 1001040 0 30 0 0 7000 0
3005 FuryGhost 1 200 4545 0 754 354 253 28 93 0 0 0 2 15 0 2000 250 78 3 930 0 1 0 100 99 99 99 99 99 99 99 99 1002010 1001040 0 30 0 0 7000 0
3006 CrazyGhost 1 200 6813 0 1087 687 341 34 94 0 0 0 2 15 0 2000 250 88 3 810 0 1 0 100 99 99 99 99 99 99 99 99 1002010 1001040 0 30 0 0 7000 0
3007 RoaringGhost 1 200 9937 0 1795 1395 452 41 99 0 0 0 1 18 0 2000 500 98 3 660 0 1 0 100 99 99 99 99 99 99 99 99 1002020 1002030 0 30 0 0 7000 0
3008 ScaryGhost 1 200 14335 0 2120 1720 597 47 100 0 0 0 1 18 0 2000 500 108 3 600 0 1 0 100 99 99 99 99 99 99 99 99 1002020 1002030 0 30 0 0 7000 0
3009 BloodGhost 1 200 18205 0 2516 2116 712 58 100 0 0 0 1 18 0 2000 500 118 3 480 0 1 0 100 99 99 99 99 99 99 99 99 1002020 1002030 0 30 0 0 7000 0
3010 IronBird 1 205 4545 0 804 304 253 28 93 0 0 0 2 15 0 2000 250 78 3 930 0 1 0 100 99 99 99 99 99 99 99 99 1002010 1001040 0 30 0 0 7000 0
3011 CopperBird 1 205 6813 0 1137 637 341 34 94 0 0 0 2 15 0 2000 250 88 3 810 0 1 0 100 99 99 99 99 99 99 99 99 1002010 1001040 0 30 0 0 7000 0
3012 SilverBird 1 205 9937 0 1845 1345 452 41 99 0 0 0 1 18 0 2000 500 98 3 660 0 1 0 100 99 99 99 99 99 99 99 99 1002020 1002030 0 30 0 0 7000 0
3013 GoldenBird 1 205 14335 0 2170 1670 597 47 100 0 0 0 1 18 0 2000 500 108 3 600 0 1 0 100 99 99 99 99 99 99 99 99 1002020 1002030 0 30 0 0 7000 0
3014 FastBird 1 205 18205 0 2566 2066 712 58 100 0 0 0 1 18 0 2000 500 118 3 570 0 1 0 100 99 99 99 99 99 99 99 99 1002020 1002030 0 30 0 0 7000 0
3015 BrutalBandit 1 201 4545 0 854 254 253 28 93 0 0 0 2 15 0 2000 250 78 3 930 0 1 0 100 99 99 99 99 99 99 99 99 1002010 1001040 0 30 0 0 7000 0
3016 WildBandit 1 201 6813 0 1187 587 341 34 94 0 0 0 2 15 0 2000 250 88 3 810 0 1 0 100 99 99 99 99 99 99 99 99 1002010 1001040 0 30 0 0 7000 0
3017 CruelBandit 1 201 9937 0 1895 1295 452 41 99 0 0 0 1 18 0 2000 500 98 3 660 0 1 0 100 99 99 99 99 99 99 99 99 1002020 1002030 0 30 0 0 7000 0
3018 SingleEye 1 201 14335 0 2220 1620 597 47 100 0 0 0 1 18 0 2000 500 108 3 600 0 1 0 100 99 99 99 99 99 99 99 99 1002020 1002030 0 30 0 0 7000 0
3019 TyrantBandit 1 201 18205 0 2616 2016 712 58 100 0 0 0 1 18 0 2000 500 118 3 570 0 1 0 100 99 99 99 99 99 99 99 99 1002020 1002030 0 30 0 0 7000 0
3020 AberrantEvil 1 197 18205 0 3093 1275 712 58 100 0 0 0 1 18 0 2000 500 118 3 1080 0 1 0 100 99 99 99 99 99 99 99 99 1002020 1002030 0 30 0 0 7000 0
3021 CecropsBoss 1 204 14335 0 2651 1082 597 47 100 0 0 0 1 18 0 2000 500 108 3 1560 0 1 0 100 99 99 99 99 99 99 99 99 1002020 1002030 0 30 0 0 7000 0
3022 Minotaur 1 117 9937 0 2243 907 451 42 99 0 0 0 1 18 0 2000 500 98 3 1740 0 2 0 100 99 99 99 99 99 99 99 99 1002020 1002030 0 30 0 0 7000 0
3023 Jumpy 1 200 6813 0 1324 449 341 34 94 0 0 0 2 15 0 2000 250 88 3 1890 0 1 0 100 99 99 99 99 99 99 99 99 1002010 1001040 0 30 0 0 7000 0
3024 EvilMonkey 1 156 4545 0 869 254 302 28 93 0 0 0 2 15 0 2000 250 78 3 2070 0 1 0 100 99 99 99 99 99 99 99 99 1002010 1001040 0 30 0 0 7000 0
3025 Pan 1 201 1000 0 8000 8000 0 70 100 0 0 0 5 10 0 2000 500 1 67 0 0 1 0 100 99 99 99 99 99 99 99 99 1002020 1001020 0 50 0 0 7000 0
3026 EvilHawk 1 205 1000 0 8000 8000 30000 6 65 0 0 0 10 10 0 8000 500 1 3 0 0 1 0 100 99 99 99 99 99 99 99 99 1002020 1001020 3000 0 100 0 7000 0
3027 GlumMonster 1 105 1000 0 3000 3000 400 90 100 0 0 0 5 10 0 1000 500 1 3 0 0 1 0 100 99 99 99 99 99 99 99 99 1002020 1001020 0 50 0 0 7000 0
3028 ShakeMonster 1 105 81 0 16 15 200 0 37 0 0 0 1 8 0 1000 500 7 3 360 0 0 0 500 99 0 99 99 0 0 99 1 1000000 1001000 0 10 0 0 7000 0
3029 IronEagle 1 205 1000 0 8000 8000 30000 6 65 0 0 0 10 10 0 8000 500 1 67 0 0 1 0 100 99 99 99 99 99 99 99 99 1002020 1001020 3000 0 40 0 7000 0
3031 Cateran 1 211 817 0 89 81 0 6 75 0 0 0 1 8 0 1000 500 32 3 930 0 1 0 500 3 5 2 2 5 5 99 7 1000010 1001010 0 0 0 0 7000 0
3032 PoisonousRat 1 202 999 0 114 103 0 6 78 0 0 0 1 8 0 1000 500 37 3 1080 0 1 0 500 3 6 3 3 6 6 99 7 1000010 1001010 0 0 0 0 7000 0
3033 StoneBandit 1 105 8459 0 550 500 500 8 86 0 0 0 1 8 0 1000 500 77 3 3420 0 2 0 500 7 15 6 6 15 15 5 15 1000030 1001030 0 40 0 0 7000 0
3035 Cuckoo 1 900 5000 0 380 330 0 25 83 0 0 0 1 10 0 1000 500 70 35 3180 0 2 0 500 0 0 0 0 0 0 0 0 0 0 0 0 0 0 7000 0
3039 SugarplumFairy 1 130 799 0 60 53 0 6 50 0 0 0 1 8 0 1000 500 20 3 1200 0 2 0 500 0 0 0 0 0 0 0 0 0 0 0 0 0 0 7000 0
3050 HeresySnakeman 1 404 4771 0 350 315 0 3 83 0 0 0 1 8 0 1000 500 62 3 2670 0 1 0 500 6 12 6 6 12 12 3 13 1000030 1001030 0 0 0 0 7000 0
3100 FireSnakeSpirit 1 403 500 0 8000 8000 20000 69 100 0 0 0 5 5 0 1000 250 1 67 0 0 1 0 100 99 99 99 99 99 99 99 99 1002010 1001040 0 0 0 0 7000 0
3101 ToughSnake 1 403 500 0 1237 1237 0 65 75 0 0 0 5 10 0 2000 500 1 3 0 0 1 0 100 99 99 99 99 99 99 99 99 1002010 1001040 3000 99 50 0 7000 0
3102 SnakeKing 1 404 65535 0 8000 8000 65000 70 100 0 0 0 20 20 0 60000 500 120 3 0 0 3 0 100 99 99 99 99 99 99 99 99 1002020 1001020 3000 90 100 0 7000 0
3103 WaterSnake 1 203 47853 0 1704 1390 1000 70 70 0 0 0 15 15 0 2000 250 80 67 0 0 1 0 100 99 99 99 99 99 99 99 99 1002020 1001020 0 99 0 0 7000 0
3120 3120 1 240 65535 0 5000 5000 60000 80 100 0 0 0 10 10 0 3000 500 120 1 0 0 3 0 250 99 99 99 99 99 99 99 99 0 0 0 99 0 0 7000 0
3130 GanodermaL72 1 133 39796 0 437 393 716 50 30 0 0 0 2 15 0 1000 500 72 3 7920 0 1 0 500 99 99 99 99 99 99 99 99 1002050 1001040 0 0 0 0 7000 0
3131 GanodermaL70 1 133 26478 0 509 458 724 50 30 0 0 0 2 15 0 1000 500 72 3 7920 0 1 0 500 99 99 99 99 99 99 99 99 1002050 1001040 0 0 0 0 7000 0
3132 GanodermaL74 1 133 40000 0 76 76 716 50 30 0 0 0 9 8 0 1000 500 72 3 7920 0 1 0 500 99 99 99 99 99 99 99 99 1002050 1001040 1001 90 70 0 7000 0
3133 GanodermaL76 1 133 45672 0 231 208 716 50 92 0 0 0 2 15 0 1000 500 72 3 7920 0 1 0 500 99 99 99 99 99 99 99 99 1002050 1001040 0 0 0 0 7000 0
3134 TitanL77 1 153 42549 0 439 394 908 50 30 0 0 0 2 15 0 1000 500 77 3 7920 0 2 0 500 99 99 99 99 99 99 99 99 1002050 1001040 0 0 0 0 7000 0
3135 TitanL75 1 153 26719 0 543 488 916 50 30 0 0 0 2 15 0 1000 500 77 3 7920 0 1 0 500 99 99 99 99 99 99 99 99 1002050 1001040 0 0 0 0 7000 0
3136 TitanL79 1 153 50800 0 79 79 908 50 30 0 0 0 9 8 0 1000 500 77 3 7920 0 1 0 500 99 99 99 99 99 99 99 99 1002050 1001040 1001 90 70 0 7000 0
3137 TitanL81 1 153 54312 0 231 231 908 50 92 0 0 0 2 15 0 1000 500 77 3 7920 0 1 0 500 99 99 99 99 99 99 99 99 1002050 1001040 0 0 0 0 7000 0
3138 3138 1 141 65535 0 5000 5000 9000 80 100 0 0 0 10 10 0 3000 3000 130 65 0 0 6 0 3000 99 99 99 99 99 99 99 99 0 0 0 99 0 0 7000 0
3141 Slinger 1 145 30110 0 1353 1234 100 30 86 0 0 0 1 8 0 1000 500 105 3 5580 0 2 0 500 0 0 0 0 0 0 0 0 0 0 0 0 0 0 7000 0
3142 GoldGhost 1 308 56180 0 1750 1450 120 30 85 0 0 0 1 8 0 1000 500 108 3 12660 0 1 0 500 0 0 0 0 0 0 0 0 0 0 0 0 0 0 7000 0
3143 Gibbon 1 127 65535 0 2350 2250 3500 50 84 0 0 0 1 8 0 1000 500 110 3 17460 0 1 0 500 0 0 0 0 0 0 0 0 0 0 0 99 0 0 7000 0
3144 Bladeling 1 240 33140 0 1702 1300 100 35 87 0 0 0 1 9 0 1000 500 110 3 4800 0 1 0 500 0 0 0 0 0 0 0 0 0 0 0 0 0 0 7000 0
3145 AgileRat 1 442 58110 0 1800 1800 545 100 45 0 0 0 1 9 0 1000 500 112 3 7200 0 1 0 500 0 0 0 0 0 0 0 0 0 0 1000 98 70 0 7000 0
3146 NagaLord 1 162 65535 0 2550 2450 3600 52 86 0 0 0 1 9 0 1000 500 115 3 9600 0 1 0 500 0 0 0 0 0 0 0 0 0 0 0 99 0 0 7000 0
3147 BlueBird 1 332 38050 0 1980 1400 100 47 87 0 0 0 1 8 0 1000 1000 115 3 5280 0 0 0 500 0 0 0 0 0 0 0 0 0 0 0 0 0 0 7000 0
3148 FiendBat 1 606 60460 0 2328 1600 4000 130 40 0 0 0 2 18 0 1000 500 117 3 7680 0 3 0 100 0 0 0 0 0 0 0 0 0 0 1001 50 50 0 7000 0
3149 Talon 1 225 65535 0 2650 2550 3700 82 86 0 0 0 1 18 0 1000 1000 120 3 5280 0 1 0 500 0 0 0 0 0 0 0 0 0 0 0 99 0 0 7000 0
3155 Minotaur 1 117 60460 0 2328 1600 100 46 83 0 0 0 1 8 0 1000 500 120 3 5580 0 2 0 500 0 0 0 0 0 0 0 0 0 0 0 0 0 0 7000 0
3156 Howler 1 130 65535 0 2550 2500 3800 84 79 0 0 0 1 8 0 1000 500 125 3 12660 0 1 0 500 0 0 0 0 0 0 0 0 0 0 0 99 0 0 7000 0
3160 3160 1 217 7358 0 496 448 0 25 83 0 0 0 1 8 0 1000 500 72 3 3180 0 2 0 500 6 14 6 6 14 14 4 15 1000030 1001030 0 0 0 0 7000 0
3161 3161 1 213 7358 0 496 448 0 25 83 0 0 0 1 8 0 1000 500 72 3 3180 0 2 0 500 6 14 6 6 14 14 4 15 1000030 1001030 0 0 0 0 7000 0
3162 3162 1 645 22074 0 521 471 0 3 83 0 0 0 2 15 0 1000 250 73 3 3180 0 2 0 100 6 14 6 6 14 14 4 6 1002010 1001020 0 0 0 0 7000 0
3163 3163 1 705 22074 0 521 471 0 3 83 0 0 0 2 15 0 1000 250 73 3 3180 0 2 0 100 6 14 6 6 14 14 4 6 1002010 1001020 0 0 0 0 7000 0
3164 3164 1 277 8459 0 589 532 0 25 86 0 0 0 1 8 0 1000 500 77 3 3420 0 2 0 500 7 15 6 6 15 15 5 15 1000030 1001030 0 0 0 0 7000 0
3165 3165 1 273 8459 0 589 532 0 25 86 0 0 0 1 8 0 1000 500 77 3 3420 0 2 0 500 7 15 6 6 15 15 5 15 1000030 1001030 0 0 0 0 7000 0
3166 3166 1 845 16918 0 619 559 0 8 86 0 0 0 2 15 0 1000 250 78 3 3420 0 2 0 100 7 15 6 6 15 15 5 7 1002010 1001020 0 0 0 0 7000 0
3167 3167 1 273 16918 0 619 559 0 8 86 0 0 0 2 15 0 1000 250 78 3 3420 0 2 0 100 7 15 6 6 15 15 5 7 1002010 1001020 0 0 0 0 7000 0
3168 3168 1 443 11673 0 691 624 0 28 87 0 0 0 1 12 0 1000 500 82 3 4200 0 1 0 500 7 16 7 7 16 16 6 17 1002000 1001040 0 0 0 0 7000 0
3169 3169 1 200 11673 0 691 624 0 28 87 0 0 0 1 12 0 1000 500 82 3 4200 0 1 0 500 7 16 7 7 16 16 6 17 1002000 1001040 0 0 0 0 7000 0
3170 3170 1 803 23346 0 726 656 0 7 87 0 0 0 2 15 0 1000 250 83 3 4200 0 1 0 100 7 16 7 7 16 16 6 7 1002020 1001020 0 0 100 0 7000 0
3171 3171 1 802 23346 0 726 656 0 7 87 0 0 0 2 15 0 1000 250 83 3 4200 0 1 0 100 7 16 7 7 16 16 6 7 1002020 1001020 0 0 100 0 7000 0
3172 3172 1 240 13422 0 810 731 0 28 85 0 0 0 1 8 0 1000 500 87 3 4470 0 1 0 500 8 17 7 7 17 17 7 17 1002000 1001040 0 0 0 0 7000 0
3173 3173 1 243 13422 0 810 731 0 28 85 0 0 0 1 8 0 1000 500 87 3 4470 0 1 0 500 8 17 7 7 17 17 7 17 1002000 1001040 0 0 0 0 7000 0
3174 3174 1 400 26844 0 845 768 0 11 91 0 0 0 2 15 0 1000 250 88 3 4470 0 1 0 100 8 17 7 7 17 17 7 8 1002020 1001020 0 0 0 0 7000 0
3175 3175 1 442 26844 0 845 768 0 11 91 0 0 0 2 15 0 1000 250 88 3 4470 0 1 0 100 8 17 7 7 17 17 7 8 1002020 1001020 0 0 0 0 7000 0
3176 3176 1 303 20697 0 1203 900 0 30 86 0 0 0 1 10 0 1000 1000 92 3 5010 0 1 0 500 8 19 8 8 19 19 8 19 1002010 1002030 0 0 0 0 7000 0
3177 3177 1 397 20697 0 1203 900 0 30 86 0 0 0 1 10 0 1000 1000 92 3 5010 0 1 0 500 8 19 8 8 19 19 8 19 1002010 1002030 0 0 0 0 7000 0
3178 3178 1 597 40000 0 1326 992 900 13 86 0 0 0 1 10 1000 1000 500 93 3 5010 0 1 0 300 8 19 8 8 19 19 8 8 1002020 1001020 0 60 0 0 7000 0
3179 3179 1 801 40000 0 1326 992 900 13 86 0 0 0 1 10 1000 1000 500 93 3 5010 0 1 0 300 8 19 8 8 19 19 8 8 1002020 1001020 0 60 0 0 7000 0
3180 3180 1 503 24472 0 1253 1134 0 30 86 0 0 0 1 10 0 1000 1000 97 3 5280 0 1 0 500 8 20 9 9 20 20 8 21 1002010 1002030 0 0 0 0 7000 0
3181 3181 1 797 24472 0 1253 1134 0 30 86 0 0 0 1 10 0 1000 1000 97 3 5280 0 1 0 500 8 20 9 9 20 20 8 21 1002010 1002030 0 0 0 0 7000 0
3182 3182 1 703 48944 0 1316 1191 0 13 86 0 0 0 2 18 0 1000 500 98 3 5280 0 3 0 100 8 20 9 9 20 20 8 9 1002020 1001020 0 0 0 0 7000 0
3183 3183 1 241 48944 0 1316 1191 0 13 86 0 0 0 2 18 0 1000 500 98 3 5280 0 3 0 100 8 20 9 9 20 20 8 9 1002020 1001020 0 0 0 0 7000 0
3184 3184 1 204 24472 0 1253 1134 0 30 86 0 0 0 1 10 0 1000 1000 102 3 5280 0 1 0 500 8 20 9 9 20 20 8 21 1002010 1002030 0 0 0 0 7000 0
3185 3185 1 188 24472 0 1253 1134 0 30 86 0 0 0 1 10 0 1000 1000 102 3 5280 0 1 0 500 8 20 9 9 20 20 8 21 1002010 1002030 0 0 0 0 7000 0
3186 3186 1 267 48944 0 1316 1191 0 13 86 0 0 0 2 18 0 1000 500 103 3 5280 0 3 0 100 8 20 9 9 20 20 8 9 1002020 1001020 0 0 0 0 7000 0
3187 3187 1 804 48944 0 1316 1191 0 13 86 0 0 0 2 18 0 1000 500 103 3 5280 0 3 0 100 8 20 9 9 20 20 8 9 1002020 1001020 0 0 0 0 7000 0
3188 3188 1 244 28140 0 1602 1200 0 30 85 0 0 0 1 10 0 1000 1000 107 3 5520 0 1 0 500 9 21 9 9 21 21 9 21 1002010 1002030 0 0 0 0 7000 0
3189 3189 1 548 28140 0 1602 1200 0 30 85 0 0 0 1 10 0 1000 1000 107 3 5520 0 1 0 500 9 21 9 9 21 21 9 21 1002010 1002030 0 0 0 0 7000 0
3190 3190 1 748 50000 0 1766 1323 900 13 89 0 0 0 1 10 1500 1000 500 108 3 5520 0 1 0 300 9 21 9 9 21 21 9 9 1002020 1001020 0 60 0 0 7000 0
3191 3191 1 548 50000 0 1766 1323 900 13 89 0 0 0 1 10 1500 1000 500 108 3 5520 0 1 0 300 9 21 9 9 21 21 9 9 1002020 1001020 0 60 0 0 7000 0
3192 3192 1 517 35050 0 1880 1300 0 33 86 0 0 0 1 10 0 1000 1000 112 3 5940 0 2 0 500 9 22 9 9 22 22 9 23 1002020 1002040 0 0 0 0 7000 0
3193 3193 1 331 35050 0 1880 1300 0 33 86 0 0 0 1 10 0 1000 1000 112 3 5940 0 2 0 500 9 22 9 9 22 22 9 23 1002020 1002040 0 0 0 0 7000 0
3194 3194 1 731 55000 0 1850 1386 1000 13 89 0 0 0 1 20 50000 1000 500 113 3 5520 0 2 0 100 9 21 9 9 21 21 9 9 1002020 1001020 0 70 0 0 7000 0
3195 3195 1 133 55000 0 1850 1386 1000 13 89 0 0 0 1 20 50000 1000 500 113 3 5520 0 2 0 100 9 21 9 9 21 21 9 9 1002020 1001020 0 70 0 0 7000 0
3196 3196 1 117 60460 0 2228 1500 0 33 86 0 0 0 1 10 0 1000 1000 117 3 8940 0 1 0 500 9 21 9 9 21 21 9 23 1002020 1002040 0 0 0 0 7000 0
3197 3197 1 531 60460 0 2228 1500 0 33 86 0 0 0 1 10 0 1000 1000 117 3 8940 0 1 0 500 9 21 9 9 21 21 9 23 1002020 1002040 0 0 0 0 7000 0
3198 3198 1 209 65535 0 2339 1575 0 19 86 0 0 0 1 18 0 1000 500 118 3 8940 0 1 0 100 9 21 9 9 21 21 9 9 1002020 1001020 0 0 0 0 7000 0
3199 3199 1 717 65535 0 2339 1575 0 19 86 0 0 0 1 18 0 1000 500 118 3 8940 0 1 0 100 9 21 9 9 21 21 9 9 1002020 1001020 0 0 0 0 7000 0
3320 KungFuBunny 1 222 3000 0 182 122 1300 100 35 0 0 0 1 8 0 1000 500 55 35 0 0 1 0 200 99 99 99 99 99 99 99 99 0 0 0 94 0 0 7000 0
3321 3321 1 223 65535 0 10 1 60000 100 35 0 0 0 1 8 0 1000 500 130 35 0 0 1 0 200 99 99 99 99 99 99 99 99 0 0 0 94 0 0 7000 0
3322 3322 1 224 3000 0 182 122 1300 100 35 0 0 0 1 8 0 1000 500 55 35 0 0 1 0 200 99 99 99 99 99 99 99 99 0 0 0 94 0 0 7000 0
3323 3323 0 645 35000 0 576 576 1605 100 65 0 0 0 4 4 0 1000 50 110 39 0 0 1 0 50 99 99 99 99 99 99 99 99 0 0 1001 0 100 1 7000 0
3324 GoldBirdmen 0 845 60000 0 746 746 1780 100 75 0 0 0 4 4 0 1000 50 120 39 0 0 1 0 50 99 99 99 99 99 99 99 99 0 0 1002 0 100 1 7000 0
3526 FireBat 1 548 50000 0 860 840 1968 65 100 0 0 0 1 9 0 1000 500 85 3 9600 0 1 0 500 99 99 99 99 99 99 99 99 1002050 1001040 0 92 0 0 7000 0
3550 LifeApe 1 156 60000 0 780 760 1200 65 100 0 0 0 1 9 0 1000 500 77 3 0 0 1 0 1000 99 99 99 99 99 99 99 99 1002050 1001040 0 99 0 0 7000 0
3551 StrengthApe 1 156 35000 0 780 760 2000 65 100 0 0 0 1 9 0 1000 500 77 3 0 0 1 0 1000 99 99 99 99 99 99 99 99 1002050 1001040 0 99 0 0 7000 0
3552 DexterityApe 1 156 40000 0 780 760 1940 65 33 0 0 0 1 9 0 1000 500 77 3 0 0 1 0 500 99 99 99 99 99 99 99 99 1002050 1001040 0 99 0 0 7000 0
3553 ManaApe 1 156 40000 0 780 760 1940 65 100 0 0 0 1 9 0 1000 500 77 3 0 0 1 0 1000 99 99 99 99 99 99 99 99 1002050 1001040 0 80 0 0 7000 0
3560 StoneMonster 1 306 500 0 20 19 12 0 37 0 0 0 1 8 0 1000 1000 10 3 360 0 0 0 500 99 0 99 99 0 0 99 99 1000010 1001000 0 70 0 0 7000 0
3561 Turkey 1 304 3500 0 20 19 12 0 37 0 0 0 1 8 0 1000 1000 10 3 360 0 2 0 500 99 0 99 99 0 0 99 99 1000010 1001000 0 70 0 0 7000 0
3562 3562 1 304 20000 0 500 498 800 0 37 0 0 0 1 10 0 2000 1000 10 3 3600 0 5 0 500 99 0 99 99 0 0 99 99 1000010 1001000 0 200 0 0 7000 0
3563 FireSnake 1 307 500 0 20 19 12 0 37 0 0 0 1 8 0 1000 1000 10 3 360 0 0 0 500 99 0 99 99 0 0 99 99 1000010 1001000 0 70 0 0 7000 0
3564 SandMonster 1 309 500 0 20 19 12 0 37 0 0 0 1 8 0 1000 1000 10 3 360 0 0 0 500 99 0 99 99 0 0 99 99 1000010 1001000 0 70 0 0 7000 0
3579 FishB 1 311 500 0 20 19 12 0 37 0 0 0 1 8 0 1000 1000 10 3 360 0 0 0 500 99 0 99 99 0 0 99 99 1000010 1001000 0 70 0 0 7000 0
3580 MysticLady 1 310 500 0 20 19 12 0 37 0 0 0 1 8 0 1000 1000 10 3 360 0 0 0 500 99 0 99 99 0 0 99 99 1000010 1001000 0 70 0 0 7000 0
3582 BlueCock 1 313 500 0 20 19 12 0 37 0 0 0 1 8 0 1000 1000 10 3 360 0 0 0 500 99 0 99 99 0 0 99 99 1000010 1001000 0 70 0 0 7000 0
3583 MagentaCock 1 314 500 0 20 19 12 0 37 0 0 0 1 8 0 1000 1000 10 3 360 0 0 0 500 99 0 99 99 0 0 99 99 1000010 1001000 0 70 0 0 7000 0
3584 Siren 1 310 500 0 20 19 12 0 37 0 0 0 1 8 0 1000 1000 10 3 360 0 0 0 500 99 0 99 99 0 0 99 99 1000010 1001000 0 70 0 0 7000 0
3585 BrownCock 1 312 500 0 20 19 12 0 37 0 0 0 1 8 0 1000 1000 10 3 360 0 0 0 500 99 0 99 99 0 0 99 99 1000010 1001000 0 70 0 0 7000 0
3586 FishA 1 311 500 0 20 19 12 0 37 0 0 0 1 8 0 1000 1000 10 3 360 0 0 0 500 99 0 99 99 0 0 99 99 1000010 1001000 0 70 0 0 7000 0
3600 ValeDemon 1 127 50000 0 1728 1400 0 46 85 0 0 0 1 15 3489 1000 500 120 3 5580 0 2 0 500 99 99 99 99 99 99 99 99 0 0 0 0 0 0 7000 0
3601 MudDemon 1 227 50000 0 1728 1400 0 46 85 0 0 0 1 15 3489 1000 500 120 3 5580 0 2 0 500 99 99 99 99 99 99 99 99 0 0 0 0 0 0 7000 0
3602 AbyssDemon 1 327 50000 0 1728 1400 0 46 85 0 0 0 3 15 3489 1000 500 120 3 5580 0 2 0 500 99 99 99 99 99 99 99 99 0 0 1002 0 50 0 7000 0
3603 DemonLord 1 127 50000 0 2328 1600 100 46 90 0 0 0 3 20 0 1000 500 120 3 5580 0 2 0 500 99 99 99 99 99 99 99 99 0 0 1002 70 50 0 7000 0
3604 SingingSerpent 1 155 50000 0 1728 1400 0 46 85 0 0 0 1 15 3489 1000 500 120 3 5580 0 2 0 500 99 99 99 99 99 99 99 99 0 0 0 0 0 0 7000 0
3605 RoaringSerpent 1 355 50000 0 1728 1400 0 46 85 0 0 0 1 15 3489 1000 500 120 3 5580 0 2 0 500 99 99 99 99 99 99 99 99 0 0 0 0 0 0 7000 0
3606 CryingSerpent 1 255 50000 0 1728 1400 0 46 85 0 0 0 3 15 3489 1000 500 120 3 5580 0 2 0 500 99 99 99 99 99 99 99 99 0 0 1002 0 50 0 7000 0
3607 SerpentSpirit 1 355 50000 0 2328 1600 100 46 90 0 0 0 3 20 0 1000 500 120 3 5580 0 2 0 500 99 99 99 99 99 99 99 99 0 1002 1002 50 100 0 7000 0
3608 BlueFiend 1 326 50000 0 1728 1400 0 46 85 0 0 0 1 15 3489 1000 500 120 3 5580 0 2 0 500 99 99 99 99 99 99 99 99 0 0 0 0 0 0 7000 0
3609 RedFiend 1 426 50000 0 1728 1400 0 46 85 0 0 0 1 15 3489 1000 500 120 3 5580 0 2 0 500 99 99 99 99 99 99 99 99 0 0 0 0 0 0 7000 0
3610 WhiteFiend 1 226 50000 0 1728 1400 0 46 85 0 0 0 3 15 3489 1000 500 120 3 5580 0 2 0 500 99 99 99 99 99 99 99 99 0 0 5040 0 50 0 7000 0
3611 FiendLord 1 126 50000 0 2328 1600 100 46 90 0 0 0 3 20 0 1000 500 120 3 5580 0 2 0 500 99 99 99 99 99 99 99 99 0 0 1002 70 50 0 7000 0
3612 WindApe 1 325 50000 0 1728 1400 0 46 85 0 0 0 1 15 3489 1000 500 120 3 5580 0 2 0 500 99 99 99 99 99 99 99 99 0 0 0 0 0 0 7000 0
3613 RainApe 1 425 50000 0 1728 1400 0 46 85 0 0 0 1 15 3489 1000 500 120 3 5580 0 2 0 500 99 99 99 99 99 99 99 99 0 0 0 0 0 0 7000 0
3614 LightningApe 1 225 50000 0 1728 1400 0 46 85 0 0 0 3 15 3489 1000 500 120 3 5580 0 2 0 500 99 99 99 99 99 99 99 99 0 0 1002 0 50 0 7000 0
3615 FuryApe 1 225 50000 0 2328 1600 100 46 90 0 0 0 3 20 0 1000 500 120 3 5580 0 2 0 500 99 99 99 99 99 99 99 99 0 0 1002 70 50 0 7000 0
3616 WoodHades 1 160 50000 0 1728 1400 0 46 85 0 0 0 1 15 3489 1000 500 120 3 5580 0 2 0 500 99 99 99 99 99 99 99 99 0 0 0 0 0 0 7000 0
3617 WaterHades 1 260 50000 0 1728 1400 0 46 85 0 0 0 3 15 3489 1000 500 120 3 5580 0 2 0 500 99 99 99 99 99 99 99 99 0 0 1250 0 50 0 7000 0
3618 EarthHades 1 360 50000 0 1728 1400 0 46 85 0 0 0 1 15 3489 1000 500 120 3 5580 0 2 0 500 99 99 99 99 99 99 99 99 0 0 0 0 0 0 7000 0
3619 HadesLord 1 260 50000 0 2328 1600 100 46 90 0 0 0 3 20 0 1000 500 120 3 5580 0 2 0 500 99 99 99 99 99 99 99 99 0 0 1002 70 50 0 7000 0
3620 FuryBat 1 157 50000 0 1728 1400 0 46 85 0 0 0 1 15 3489 1000 500 120 3 5580 0 2 0 500 99 99 99 99 99 99 99 99 0 0 0 0 0 0 7000 0
3621 CruelBat 1 257 50000 0 1728 1400 0 46 85 0 0 0 1 15 3489 1000 500 120 3 5580 0 2 0 500 99 99 99 99 99 99 99 99 0 0 0 0 0 0 7000 0
3622 ViciousBat 1 357 50000 0 1728 1400 0 46 85 0 0 0 3 15 3489 1000 500 120 3 5580 0 2 0 500 99 99 99 99 99 99 99 99 0 0 1002 0 50 0 7000 0
3623 DemonBat 1 357 50000 0 2328 1600 100 46 90 0 0 0 3 20 0 1000 500 120 3 5580 0 2 0 500 99 99 99 99 99 99 99 99 0 0 1002 70 50 0 7000 0
3624 BoneSkeleton 1 163 50000 0 1728 1400 0 46 85 0 0 0 1 15 3489 1000 500 120 3 5580 0 2 0 500 99 99 99 99 99 99 99 99 0 0 0 0 0 0 7000 0
3625 LameSkeleton 1 363 50000 0 1728 1400 0 46 85 0 0 0 3 15 3489 1000 500 120 3 5580 0 2 0 500 99 99 99 99 99 99 99 99 0 0 7109 0 50 0 7000 0
3626 CarrionSkeleton 1 263 50000 0 1728 1400 0 46 85 0 0 0 1 15 3489 1000 500 120 3 5580 0 2 0 500 99 99 99 99 99 99 99 99 0 0 0 0 0 0 7000 0
3627 FurySkeleton 1 463 50000 0 2328 1600 100 46 90 0 0 0 3 20 0 1000 500 120 3 5580 0 2 0 500 99 99 99 99 99 99 99 99 0 0 1002 70 50 0 7000 0
3628 AngryBeast 1 154 50000 0 1728 1400 0 46 85 0 0 0 1 15 3489 1000 500 120 3 5580 0 2 0 500 99 99 99 99 99 99 99 99 0 0 0 0 0 0 7000 0
3629 SensitiveBeast 1 254 50000 0 1728 1400 0 46 85 0 0 0 1 15 3489 1000 500 120 3 5580 0 2 0 500 99 99 99 99 99 99 99 99 0 0 0 0 0 0 7000 0
3630 CrazyBeast 1 354 50000 0 1728 1400 0 46 85 0 0 0 3 15 3489 1000 500 120 3 5580 0 2 0 500 99 99 99 99 99 99 99 99 0 0 7010 0 50 0 7000 0
3631 FearlessBeast 1 354 50000 0 2328 1600 100 46 90 0 0 0 3 20 0 1000 500 120 3 5580 0 2 0 500 99 99 99 99 99 99 99 99 0 0 1002 70 50 0 7000 0
3632 HillSpirit 1 153 50000 0 3394 1066 100 46 92 0 0 0 3 25 0 1000 500 120 3 5580 0 2 0 500 99 99 99 99 99 99 99 99 0 0 1000 73 10 0 7000 0
3633 SwiftDevil 1 133 55000 0 4098 1285 120 50 93 0 0 0 3 27 0 1000 500 120 3 5580 0 2 0 500 99 99 99 99 99 99 99 99 0 0 1001 73 60 0 7000 0
3634 Banshee 1 252 60460 0 4566 1590 150 66 94 0 0 0 3 29 0 1000 500 120 3 5580 0 2 0 500 99 99 99 99 99 99 99 99 0 0 1001 73 70 0 7000 0
3635 CleansingDevil 1 168 65535 0 5394 3098 200 78 100 0 0 0 3 30 0 1000 500 120 3 5580 0 2 0 500 99 99 99 99 99 99 99 99 0 0 1002 75 80 0 7000 0
3636 Andrew 1 361 65535 0 4694 2066 350 80 83 0 0 0 1 30 0 1000 500 120 3 5580 0 2 0 1000 99 99 99 99 99 99 99 99 0 0 0 75 0 0 7000 0
3637 Peter 1 362 65535 0 4694 2066 350 80 83 0 0 0 1 30 0 1000 500 120 3 5580 0 2 0 1000 99 99 99 99 99 99 99 99 0 0 0 75 0 0 7000 0
3638 Philip 1 268 65535 0 4694 2066 350 80 83 0 0 0 1 30 0 1000 500 120 3 5580 0 2 0 1000 99 99 99 99 99 99 99 99 0 0 0 75 0 0 7000 0
3639 Timothy 1 151 65535 0 4694 2066 350 80 83 0 0 0 1 30 0 1000 500 120 3 5580 0 2 0 1000 99 99 99 99 99 99 99 99 0 0 0 75 0 0 7000 0
3640 Daphne 1 130 65535 0 4694 2066 350 80 83 0 0 0 1 30 0 1000 500 120 3 5580 0 2 0 1000 99 99 99 99 99 99 99 99 0 0 0 75 0 0 7000 0
3641 Victoria 1 328 65535 0 4694 2066 350 80 83 0 0 0 1 30 0 1000 500 120 3 5580 0 2 0 1000 99 99 99 99 99 99 99 99 0 0 0 75 0 0 7000 0
3642 Wayne 1 129 65535 0 4694 2066 350 80 83 0 0 0 1 30 0 1000 500 120 3 5580 0 2 0 1000 99 99 99 99 99 99 99 99 0 0 0 75 0 0 7000 0
3643 Theodore 1 164 65535 0 4694 2066 350 80 83 0 0 0 1 30 0 1000 500 120 3 5580 0 2 0 1000 99 99 99 99 99 99 99 99 0 0 0 75 0 0 7000 0
3644 Satan 1 166 65535 0 6635 5635 1045 95 75 0 0 0 3 35 0 1000 1000 120 3 5580 0 2 0 1000 99 99 99 99 99 99 99 99 0 0 1002 70 80 0 7000 0
3645 BeastSatan 1 200 65535 0 6938 5938 2538 95 75 0 0 0 3 35 0 1000 1000 120 3 5580 0 2 0 1000 99 99 99 99 99 99 99 99 0 0 1002 70 85 0 7000 0
3646 FurySatan 1 104 65535 0 7473 6473 3450 95 75 0 0 0 3 35 0 1000 1000 120 3 5580 0 2 0 1000 99 99 99 99 99 99 99 99 0 0 1002 70 90 0 7000 0
3706 GreenRooster 1 380 10000 0 10 9 6 0 37 0 0 0 1 8 0 1000 1000 10 3 360 0 2 0 500 99 0 99 99 0 0 99 99 1000010 1001000 0 70 0 0 7000 0
3707 BlueRooster 1 381 10000 0 15 14 8 0 37 0 0 0 1 8 0 1000 1000 10 3 360 0 2 0 500 99 0 99 99 0 0 99 99 1000010 1001000 0 70 0 0 7000 0
3708 MagentaRooster 1 382 10000 0 20 19 10 0 37 0 0 0 1 8 0 1000 1000 10 3 360 0 2 0 500 99 0 99 99 0 0 99 99 1000010 1001000 0 70 0 0 7000 0
3709 3709 1 383 10000 0 25 24 12 0 37 0 0 0 1 8 0 1000 1000 10 3 360 0 2 0 500 99 0 99 99 0 0 99 99 1000010 1001000 0 70 0 0 7000 0
4020 4020 1 240 33 0 6 5 0 0 0 0 0 0 1 10 0 1000 500 1 3 150 0 1 0 500 99 99 99 99 99 99 99 99 1000000 1001000 0 0 0 0 7000 0
4021 4021 1 241 25000 0 350 300 0 0 0 0 0 0 2 10 0 1000 500 10 3 0 0 1 0 500 99 99 99 99 99 99 99 99 1000000 1001000 0 0 0 0 7000 0
4022 4022 1 171 25000 0 350 300 0 0 0 0 0 0 2 10 0 1000 500 10 3 0 0 2 0 500 99 99 99 99 99 99 99 99 1000000 1001000 0 0 0 0 7000 0
4023 4023 1 362 25000 0 350 300 0 0 0 0 0 0 2 10 0 1000 500 10 3 0 0 3 0 500 99 99 99 99 99 99 99 99 1000000 1001000 0 0 0 0 7000 0
4024 4024 1 197 25000 0 350 300 0 0 0 0 0 0 2 10 0 1000 500 10 3 0 0 2 0 500 99 99 99 99 99 99 99 99 1000000 1001000 0 0 0 0 7000 0
4025 4025 1 245 25000 0 350 300 0 0 0 0 0 0 2 10 0 1000 500 10 3 0 0 2 0 500 99 99 99 99 99 99 99 99 1000000 1001000 0 0 0 0 7000 0
4026 4026 1 353 25000 0 350 300 0 0 0 0 0 0 2 10 0 1000 500 10 3 0 0 1 0 500 99 99 99 99 99 99 99 99 1000000 1001000 0 0 0 0 7000 0
4027 4027 1 327 25000 0 350 300 0 0 0 0 0 0 2 10 0 1000 500 10 3 0 0 2 0 500 99 99 99 99 99 99 99 99 1000000 1001000 0 0 0 0 7000 0
4028 4028 1 308 50000 0 350 300 0 0 0 0 0 0 2 10 0 1000 500 70 3 0 0 3 0 500 99 99 99 99 99 99 99 99 1000000 1001000 0 0 0 0 7000 0
4030 4030 1 208 65535 0 3950 2850 7927 50 90 0 0 0 3 25 0 1000 500 126 3 0 0 2 0 500 99 99 99 99 99 99 99 99 0 0 0 90 0 0 7000 0
4031 4031 1 212 50000 0 2328 1600 100 46 90 0 0 0 3 20 0 1000 500 120 3 5580 0 2 0 500 99 99 99 99 99 99 99 99 0 0 1002 70 50 0 7000 0
4032 ElfKing1 1 247 65535 0 3950 2850 7927 50 90 0 0 0 3 25 0 1000 500 126 3 0 0 2 0 500 99 99 99 99 99 99 99 99 0 0 0 90 0 0 7000 0
4033 BloodyBat1 1 248 65535 0 3950 2850 7927 50 90 0 0 0 3 25 0 1000 500 126 3 0 0 2 0 500 99 99 99 99 99 99 99 99 0 0 0 90 0 0 7000 0
4034 HillMonsterKin 1 249 65535 0 3950 2850 7927 50 90 0 0 0 3 25 0 1000 500 126 3 0 0 2 0 500 99 99 99 99 99 99 99 99 0 0 0 90 0 0 7000 0
4035 BirdKing1 1 250 65535 0 3950 2850 7927 50 90 0 0 0 3 25 0 1000 500 126 3 0 0 2 0 500 99 99 99 99 99 99 99 99 0 0 0 90 0 0 7000 0
4036 WingedSnakeKin 1 258 65535 0 3950 2850 7927 50 90 0 0 0 3 25 0 1000 500 126 3 0 0 2 0 500 99 99 99 99 99 99 99 99 0 0 0 90 0 0 7000 0
4050 KingKong 1 305 1000 0 250 150 200 0 37 0 0 0 1 8 0 1000 500 75 3 360 0 0 0 500 99 0 99 99 0 0 99 1 1000000 1001000 0 10 0 0 7000 0
4051 KingSlinger 1 145 1000 0 200 100 200 0 37 0 0 0 1 8 0 1000 500 70 3 360 0 0 0 500 99 0 99 99 0 0 99 1 1000000 1001000 0 10 0 0 7000 0
4052 4052 1 705 2000 0 400 300 200 0 37 0 0 0 1 8 0 1000 500 80 3 360 0 0 0 500 99 0 99 99 0 0 99 1 1000000 1001000 0 10 0 0 7000 0
4058 Piglet 1 215 50000 0 2328 1600 100 46 90 0 0 0 3 20 0 1000 500 120 3 5580 0 2 0 500 99 99 99 99 99 99 99 99 0 0 1002 70 50 0 7000 0
4060 PinkPiglet 1 215 50000 0 2328 1600 100 46 90 0 0 0 3 20 0 1000 500 120 3 5580 0 2 0 500 99 99 99 99 99 99 99 99 0 0 1002 70 50 0 0 0
5045 UndeadSoldier 1 263 3451 0 2114 1903 4311 50 90 0 0 0 1 20 0 2000 500 120 3 15000 0 1 0 500 99 99 99 99 99 99 99 99 1002050 1002040 0 0 0 0 7000 0
5046 Phantom 1 363 3451 0 2114 1903 4311 50 90 0 0 0 1 20 0 2000 500 120 3 15000 0 1 0 500 99 99 99 99 99 99 99 99 1002050 1002040 0 0 0 0 7000 0
5049 UndeadSpearman 1 165 5176 0 2114 1903 5174 50 90 0 0 0 3 25 0 1200 500 121 3 15000 0 1 0 500 99 99 99 99 99 99 99 99 1002050 1002040 0 0 0 0 7000 0
5050 Revenant 1 265 5136 0 2115 1903 5175 50 90 0 0 0 3 25 0 1200 500 121 3 15000 0 1 0 500 99 99 99 99 99 99 99 99 1002050 1002040 0 0 0 0 7000 0
5051 Eidolon 1 266 4108 0 2643 2379 4743 50 90 0 0 0 6 25 0 1200 500 123 3 15000 0 2 0 500 99 99 99 99 99 99 99 99 1002050 1002040 0 35 0 0 7000 0
5053 Temptress 1 230 6794 0 2317 2085 4314 50 90 0 0 0 1 25 0 600 500 122 3 15000 0 1 0 500 99 99 99 99 99 99 99 99 1002050 1002040 0 0 0 0 7000 0
5054 Centicore 1 179 6794 0 2317 2085 4314 50 90 0 0 0 1 25 0 500 500 122 3 15000 0 2 0 500 99 99 99 99 99 99 99 99 1002050 1002040 0 0 0 0 7000 0
5055 Wraith 1 327 3934 0 569 569 1724 50 60 0 0 0 5 25 0 2500 500 122 3 15000 0 1 0 500 99 99 99 99 99 99 99 99 1002050 1002040 4075 0 50 0 7000 0
5056 HellTroll 1 353 20368 0 2316 2085 5175 50 90 0 0 0 2 25 0 1000 500 123 3 15000 0 2 0 500 99 99 99 99 99 99 99 99 1002050 1002040 0 0 0 0 7000 0
5057 Naga 1 262 6794 0 2317 2085 4314 50 90 0 0 0 3 25 0 1000 500 122 3 15000 0 1 0 500 99 99 99 99 99 99 99 99 1002050 1002040 0 0 0 0 7000 0
5058 Syren 1 152 20707 0 985 985 7473 50 80 0 0 0 10 25 0 2000 500 124 3 0 0 1 0 500 99 99 99 99 99 99 99 99 0 0 4076 80 50 0 7000 0
5059 UltimatePluto 1 168 65535 0 3950 2850 7927 50 90 0 0 0 3 25 0 1000 500 126 3 0 0 2 0 500 99 99 99 99 99 99 99 99 0 0 0 90 0 0 7000 0
5060 Wraith 1 327 3934 0 569 569 1724 50 60 0 0 0 5 25 0 2000 500 124 3 15000 0 1 0 500 99 99 99 99 99 99 99 99 1002050 1002040 4075 0 50 0 7000 0
6000 TacticBeast 1 200 38500 0 1205 900 600 10 67 0 0 0 1 8 0 1000 500 1 3 2280 0 1 0 500 99 99 99 99 99 99 99 99 1002000 1001020 0 25 0 0 7000 0
6001 TacticBeast 1 200 38500 0 1505 1100 750 12 67 0 0 0 1 8 0 1000 500 1 3 1200 0 1 0 500 99 99 99 99 99 99 99 99 1002010 1001030 0 25 0 0 7000 0
6002 TacticBeast 1 200 38500 0 1205 900 600 10 67 0 0 0 1 8 0 1000 500 1 3 1800 0 1 0 500 99 99 99 99 99 99 99 99 1002010 1001040 0 25 0 0 7000 0
6003 TacticBeast 1 200 38500 0 1205 900 600 10 67 0 0 0 1 8 0 1000 500 1 3 600 0 1 0 500 99 99 99 99 99 99 99 99 1002020 1001020 0 25 0 0 7000 0
6004 TacticBeast 1 200 38500 0 1205 900 600 10 67 0 0 0 1 8 0 1000 500 1 3 1920 0 1 0 500 99 99 99 99 99 99 99 99 1002010 1001040 0 25 0 0 7000 0
6005 TacticBeast 1 200 38500 0 1205 900 600 10 67 0 0 0 1 8 0 1000 500 1 3 1440 0 1 0 500 99 99 99 99 99 99 99 99 1002000 1001040 0 25 0 0 7000 0
6006 TacticBeast 1 200 38500 0 2505 2000 600 15 67 0 0 0 1 8 0 1000 500 100 3 4200 0 1 0 500 99 99 99 99 99 99 99 99 1002020 1002030 0 15 0 0 7000 0
6010 LonelyTyrant 1 401 2100 0 155 125 0 6 75 0 0 0 1 8 0 1000 500 45 3 1560 0 1 0 500 99 99 99 99 99 99 99 99 1000020 1001020 0 0 0 0 7000 0
6011 Ghost 1 200 20673 0 691 624 300 7 87 0 0 0 1 12 0 1000 500 82 3 4200 0 1 0 500 7 16 7 7 16 16 6 17 1002000 1001040 0 15 100 0 7000 0
6015 MonkeyMonster 64 156 10200 0 480 430 900 15 67 0 0 0 6 6 0 1000 500 60 3 4200 0 1 0 500 99 99 99 99 99 99 99 99 0 0 0 5 0 0 7000 0
6016 PkSnakeKing 64 204 10200 0 450 400 300 15 67 0 0 0 1 1 0 1000 500 60 3 4200 0 1 0 500 99 99 99 99 99 99 99 99 0 0 0 90 0 0 7000 0
6017 ApeMonster 1 103 10200 0 450 410 500 15 67 0 0 0 1 3 0 1000 500 60 3 4200 0 1 0 500 99 99 99 99 99 99 99 99 0 0 0 52 0 0 7000 0
6018 Python 1 204 30200 0 450 410 720 15 67 0 0 0 1 3 0 1000 500 70 3 4200 0 2 0 500 99 99 99 99 99 99 99 99 0 0 0 81 0 0 7000 0
7000 DevilGuard 1 405 6590 0 4800 5150 0 250 70 0 0 0 8 8 0 4000 500 130 3 0 0 1 0 500 99 99 99 99 99 99 99 99 0 0 0 70 0 0 7000 0
7001 WarriorDevil 1 205 23588 0 650 700 700 50 70 0 0 0 1 8 0 1000 500 70 3 0 0 1 0 500 99 99 99 99 99 99 99 99 0 0 0 95 0 0 7000 0
7002 TrojanDevil 1 205 9436 0 396 420 700 50 70 0 0 0 1 8 0 1000 500 70 3 0 0 1 0 500 99 99 99 99 99 99 99 99 0 0 0 95 0 0 7000 0
7003 ArcherDevil 1 205 33964 0 470 500 65000 50 70 0 0 0 1 8 0 1000 500 70 3 0 0 1 0 500 99 99 99 99 99 99 99 99 0 0 0 95 0 0 7000 0
7004 FireDevil 1 205 38550 0 182 182 65000 50 95 0 0 0 8 8 0 1000 500 70 3 0 0 1 0 500 99 99 99 99 99 99 99 99 0 0 1000 60 100 0 7000 0
7005 WaterDevil 1 205 38550 0 91 91 65000 50 95 0 0 0 8 8 0 1000 500 70 3 0 0 1 0 500 99 99 99 99 99 99 99 99 0 0 1000 60 100 0 7000 0
7006 GuildBeast 1 279 65535 0 5000 5000 60000 80 100 0 0 0 10 10 0 3000 3000 120 0 0 0 6 0 3000 99 99 99 99 99 99 99 99 0 0 0 99 0 0 7000 0
8100 HumanMessenger 1 108 1100 0 120 120 25 100 9 0 0 0 9 10 0 1300 500 22 3 1440 0 1 0 500 99 99 99 99 99 99 99 99 1002050 1001040 3000 52 70 0 7000 0
8101 WingedSnakeMsgr 1 243 1200 0 150 150 33 100 10 0 0 0 9 10 0 1300 500 27 3 1800 0 1 0 500 99 99 99 99 99 99 99 99 1002050 1001040 3001 62 70 0 7000 0
8102 BanditMessenger 1 241 1600 0 200 200 37 100 12 0 0 0 9 10 0 1300 500 32 3 2040 0 1 0 500 99 99 99 99 99 99 99 99 1002050 1001040 3002 72 70 0 7000 0
8103 RatMessenger 1 242 2000 0 260 240 85 100 13 0 0 0 9 10 0 1300 500 37 3 2400 0 1 0 500 99 99 99 99 99 99 99 99 1002050 1001040 3003 84 70 0 7000 0
8104 ElfMessenger 1 242 3600 0 280 280 100 100 15 0 0 0 9 10 0 1300 500 42 3 2880 0 1 0 500 99 99 99 99 99 99 99 99 1002050 1001040 3004 86 70 0 7000 0
8105 MonkeyMessenger 1 196 4400 0 300 300 105 100 16 0 0 0 9 10 0 1300 500 47 3 3600 0 1 0 500 99 99 99 99 99 99 99 99 1002050 1001040 3005 87 70 0 7000 0
8106 GiantApeMsgr 1 196 5300 0 330 330 140 100 18 0 0 0 9 10 0 1300 500 52 3 4320 0 1 0 500 99 99 99 99 99 99 99 99 1002050 1001040 3006 87 70 0 7000 0
8107 ThunderApeMsgr 1 103 6300 0 380 380 270 100 19 0 0 0 9 10 0 1300 500 57 3 5040 0 1 0 500 99 99 99 99 99 99 99 99 1002050 1001040 3007 89 70 0 7000 0
8108 SnakemanMsgr 1 244 9500 0 450 450 320 100 21 0 0 0 9 10 0 1300 500 62 3 6000 0 1 0 500 99 99 99 99 99 99 99 99 1002050 1001040 3008 91 70 0 7000 0
8109 SandMonsterMsgr 1 171 11000 0 539 539 400 100 22 0 0 0 9 10 0 1300 500 67 3 7200 0 3 0 500 99 99 99 99 99 99 99 99 1002050 1001040 3009 92 70 0 7000 0
8110 HillMonsterMsgr 1 145 14000 0 590 590 405 100 24 0 0 0 9 10 0 1300 500 72 3 7920 0 2 0 500 99 99 99 99 99 99 99 99 1002050 1001040 3010 94 70 0 7000 0
8111 RockMonsterMsgr 1 145 17000 0 680 680 410 100 25 0 0 0 9 10 0 1300 500 77 3 8640 0 2 0 500 99 99 99 99 99 99 99 99 1002050 1001040 3011 94 70 0 7000 0
8112 BladeGhostMsgr 1 240 22000 0 760 760 415 100 27 0 0 0 9 10 0 1300 500 82 3 9600 0 1 0 500 99 99 99 99 99 99 99 99 1002050 1001040 3012 95 70 0 7000 0
8113 BirdmanMsgr 1 245 26000 0 780 780 420 100 28 0 0 0 9 10 0 1300 500 87 3 10080 0 1 0 500 99 99 99 99 99 99 99 99 1002050 1001040 3013 96 70 0 7000 0
8114 HawkMessenger 1 245 30000 0 890 890 425 100 30 0 0 0 9 10 0 1000 500 92 3 10800 0 1 0 500 99 99 99 99 99 99 99 99 1002050 1001040 3014 96 70 0 7000 0
8115 RobberMessenger 1 241 40000 0 1050 1050 430 100 30 0 0 0 9 10 0 1300 500 97 3 12000 0 1 0 500 99 99 99 99 99 99 99 99 1002050 1001040 3015 97 70 0 7000 0
8116 BatMessenger 1 246 45000 0 1200 1200 435 100 33 0 0 0 9 10 0 1300 500 102 3 12720 0 3 0 500 99 99 99 99 99 99 99 99 1002050 1001040 3016 97 70 0 7000 0
8117 BloodyBatMsgr 1 188 50000 0 1600 1600 440 100 33 0 0 0 9 10 0 1300 500 107 3 13200 0 1 0 500 99 99 99 99 99 99 99 99 1002050 1001040 3017 97 70 0 7000 0
8118 BullMessenger 1 117 55000 0 1800 1800 445 100 35 0 0 0 9 10 0 1300 500 112 3 14400 0 2 0 500 99 99 99 99 99 99 99 99 1002050 1001040 3018 98 70 0 7000 0
8119 DevilMessenger 1 197 60460 0 2150 2150 2000 100 37 0 0 0 9 10 0 1000 500 117 3 15600 0 1 0 500 99 99 99 99 99 99 99 99 1002050 1001040 3019 99 70 0 7000 0
8200 HumanAide 1 108 1100 0 150 100 86 100 9 0 0 0 1 9 0 1000 500 22 3 1440 0 1 0 500 99 99 99 99 99 99 99 99 1002050 1001040 0 0 0 0 7000 0
8201 WingedSnakeAide 1 243 1200 0 160 150 110 100 10 0 0 0 1 9 0 1000 500 27 3 1800 0 1 0 500 99 99 99 99 99 99 99 99 1002050 1001040 0 0 0 0 7000 0
8202 BanditAide 1 241 1600 0 220 190 136 100 12 0 0 0 1 9 0 1000 500 32 3 2040 0 1 0 500 99 99 99 99 99 99 99 99 1002050 1001040 0 0 0 0 7000 0
8203 RatAide 1 242 2000 0 250 250 175 100 13 0 0 0 1 9 0 1000 500 37 3 2400 0 1 0 500 99 99 99 99 99 99 99 99 1002050 1001040 0 0 0 0 7000 0
8204 ElfAide 1 242 3600 0 280 250 205 110 15 0 0 0 1 9 0 1000 500 42 3 2880 0 1 0 500 99 99 99 99 99 99 99 99 1002050 1001040 0 0 0 0 7000 0
8205 MonkeyAide 1 196 4400 0 320 280 243 110 16 0 0 0 1 9 0 1000 500 47 3 3600 0 1 0 500 99 99 99 99 99 99 99 99 1002050 1001040 0 0 0 0 7000 0
8206 GiantApeAide 1 196 5300 0 350 310 283 110 18 0 0 0 1 9 0 1000 500 52 3 4320 0 1 0 500 99 99 99 99 99 99 99 99 1002050 1001040 0 0 0 0 7000 0
8207 ThunderApeAide 1 103 6300 0 400 360 378 110 19 0 0 0 1 9 0 1000 500 57 3 5040 0 1 0 500 99 99 99 99 99 99 99 99 1002050 1001040 0 0 0 0 7000 0
8208 SnakemanAide 1 244 9500 0 470 430 434 110 21 0 0 0 1 9 0 1000 500 62 3 6000 0 1 0 500 99 99 99 99 99 99 99 99 1002050 1001040 0 0 0 0 7000 0
8209 SandMonsterAide 1 171 11000 0 550 520 534 130 22 0 0 0 1 9 0 1000 500 67 3 7200 0 3 0 500 99 99 99 99 99 99 99 99 1002050 1001040 0 0 0 0 7000 0
8210 HillMonsterAide 1 145 14000 0 610 570 593 130 24 0 0 0 1 9 0 1000 500 72 3 7920 0 2 0 500 99 99 99 99 99 99 99 99 1002050 1001040 0 0 0 0 7000 0
8211 RockMonsterAide 1 145 17000 0 700 660 686 130 25 0 0 0 1 9 0 1000 500 77 3 8640 0 2 0 500 99 99 99 99 99 99 99 99 1002050 1001040 0 0 0 0 7000 0
8212 BladeGhostAide 1 240 22000 0 780 740 769 130 27 0 0 0 1 9 0 1000 500 82 3 9600 0 1 0 500 99 99 99 99 99 99 99 99 1002050 1001040 0 0 0 0 7000 0
8213 BirdmanAide 1 245 26000 0 800 770 934 130 28 0 0 0 1 9 0 1000 500 87 3 10080 0 1 0 500 99 99 99 99 99 99 99 99 1002050 1001040 0 0 0 0 7000 0
8214 HawkAide 1 245 30000 0 910 870 1059 130 30 0 0 0 1 9 0 1000 500 92 3 10800 0 1 0 500 99 99 99 99 99 99 99 99 1002050 1001040 0 0 0 0 7000 0
8215 RobberAide 1 241 40000 0 1100 1020 1252 130 30 0 0 0 1 9 0 1000 500 97 3 12000 0 1 0 500 99 99 99 99 99 99 99 99 1002050 1001040 0 0 0 0 7000 0
8216 BatAide 1 246 45000 0 1250 1150 1375 35 33 0 0 0 1 9 0 1000 500 102 3 12720 0 3 0 500 99 99 99 99 99 99 99 99 1002050 1001040 0 0 0 0 7000 0
8217 BloodyBatAide 1 188 50000 0 1650 1550 1630 130 33 0 0 0 1 9 0 1000 500 107 3 13200 0 1 0 500 99 99 99 99 99 99 99 99 1002050 1001040 0 0 0 0 7000 0
8218 BullAide 1 117 55000 0 1900 1700 1979 130 35 0 0 0 1 9 0 1000 500 112 3 14400 0 2 0 500 99 99 99 99 99 99 99 99 1002050 1001040 0 0 0 0 7000 0
8219 DevilAide 1 197 60460 0 2250 2050 4000 130 37 0 0 0 1 9 0 700 500 117 3 15600 0 1 0 500 99 99 99 99 99 99 99 99 1002050 1001040 0 50 0 0 7000 0
8300 GhostKing 1 108 30000 0 160 150 540 12 18 0 0 0 1 9 0 1000 500 22 3 1440 0 1 0 500 99 99 99 99 99 99 99 99 1002050 1001040 0 96 0 0 7000 0
8301 WingedSnakeKing 1 443 40000 0 200 180 600 15 19 0 0 0 1 9 0 1000 500 27 3 1800 0 2 0 500 99 99 99 99 99 99 99 99 1002050 1001040 0 96 0 0 7000 0
8302 BanditKing 1 241 45000 0 240 200 640 15 21 0 0 0 1 9 0 1000 500 32 3 2040 0 3 0 500 99 99 99 99 99 99 99 99 1002050 1001040 0 95 0 0 7000 0
8303 RatKing 1 442 45000 0 300 270 800 20 22 0 0 0 1 9 0 1000 500 37 3 2400 0 2 0 500 99 99 99 99 99 99 99 99 1002050 1001040 0 95 0 0 7000 0
8304 ElfBoss 1 442 45000 0 330 300 815 20 24 0 0 0 1 9 0 1000 500 42 3 2880 0 2 0 500 99 99 99 99 99 99 99 99 1002050 1001040 0 94 0 0 7000 0
8305 MonkeyKing 1 196 45000 0 370 350 860 25 25 0 0 0 1 9 0 1000 500 47 3 3600 0 2 0 500 99 99 99 99 99 99 99 99 1002050 1001040 0 95 0 0 7000 0
8306 GiantApeKing 1 196 45000 0 420 400 1050 25 27 0 0 0 1 9 0 1000 500 52 3 4320 0 1 0 500 99 99 99 99 99 99 99 99 1002050 1001040 0 94 0 0 7000 0
8307 ThunderApeKing 1 103 45000 0 480 460 1140 30 28 0 0 0 1 9 0 1000 500 57 3 5040 0 1 0 500 99 99 99 99 99 99 99 99 1002050 1001040 0 94 0 0 7000 0
8308 SnakemanKing 1 244 46000 0 550 530 1205 30 30 0 0 0 1 9 0 1000 500 62 3 6000 0 3 0 500 99 99 99 99 99 99 99 99 1002050 1001040 0 95 0 0 7000 0
8309 SandMonsterKing 1 171 47000 0 630 610 1668 35 30 0 0 0 1 9 0 1000 500 67 3 7200 0 5 0 500 99 99 99 99 99 99 99 99 1002050 1001040 0 93 0 0 7000 0
8310 HillMonsterKing 1 145 47000 0 690 670 1700 35 33 0 0 0 1 9 0 1000 500 72 3 7920 0 3 0 500 99 99 99 99 99 99 99 99 1002050 1001040 0 93 0 0 7000 0
8311 RockMonsterKing 1 145 48000 0 780 760 1940 40 33 0 0 0 1 9 0 1000 500 77 3 8640 0 3 0 500 99 99 99 99 99 99 99 99 1002050 1001040 0 93 0 0 7000 0
8312 BladeGhostKing 1 240 50000 0 860 840 1968 40 35 0 0 0 1 9 0 1000 500 82 3 9600 0 2 0 500 99 99 99 99 99 99 99 99 1002050 1001040 0 92 0 0 7000 0
8313 BirdmanKing 1 245 60460 0 880 880 1770 50 37 0 0 0 1 9 0 1000 500 87 3 10080 0 2 0 500 99 99 99 99 99 99 99 99 1002050 1001040 0 90 0 0 7000 0
8314 HawkBoss 1 245 65535 0 990 990 1730 50 37 0 0 0 1 9 0 1000 500 92 3 10800 0 2 0 500 99 99 99 99 99 99 99 99 1002050 1001040 0 91 0 0 7000 0
8315 RobberKing 1 241 65535 0 1150 1150 1850 53 39 0 0 0 1 9 0 1000 500 97 3 12000 0 1 0 500 99 99 99 99 99 99 99 99 1002050 1001040 0 91 0 0 7000 0
8316 BatKing 1 246 65535 0 1350 1350 30000 55 41 0 0 0 1 9 0 1000 500 102 3 12720 0 3 0 500 99 99 99 99 99 99 99 99 1002050 1001040 0 91 0 0 7000 0
8317 BloodyWing 1 188 65535 0 1750 1750 30000 63 43 0 0 0 1 9 0 1000 500 107 3 13200 0 1 0 500 99 99 99 99 99 99 99 99 1002050 1001040 0 92 0 0 7000 0
8318 BullKing 1 117 65535 0 2000 2000 30000 70 45 0 0 0 1 9 0 1000 500 112 3 14400 0 3 0 500 99 99 99 99 99 99 99 99 1002050 1001040 0 92 0 0 7000 0
8319 EvilLord 1 197 65535 0 2400 2250 40000 70 47 0 0 0 1 9 0 600 500 117 3 15600 0 1 0 500 99 99 99 99 99 99 99 99 1002050 1001040 0 92 0 0 7000 0
8415 MeteorDove 1 304 1000 0 89 81 1400 10 75 0 0 0 1 8 0 1000 500 32 3 0 0 1 0 500 99 99 99 99 99 99 99 99 1000010 1001010 1000 50 100 0 7000 0
8416 MeteorKing 1 304 1000 0 89 81 0 10 75 0 0 0 1 8 0 1000 500 32 3 0 0 1 0 500 99 99 99 99 99 99 99 99 1000010 1001010 1000 20 100 0 7000 0
8417 EvilGhost 1 274 48944 0 500 500 1000 13 86 0 0 0 2 18 0 1000 500 103 3 6000 0 1 0 100 4 9 4 4 9 10 1 5 1002020 1001020 1000 20 50 0 7000 0
8418 NightDevil 1 277 60460 0 2000 2000 3000 19 86 0 0 0 1 10 0 1000 1000 120 3 6000 0 1 0 400 4 9 4 4 9 10 1 5 1002020 1001020 1000 20 50 0 7000 0
8419 WaterDevil 1 273 30000 0 700 700 1200 19 86 0 0 0 1 10 0 1000 1000 120 3 0 0 1 0 400 99 99 99 99 99 99 99 99 1002020 1001020 1000 20 100 0 7000 0
8420 WaterDevil 1 273 30000 0 4000 3000 0 19 86 0 0 0 1 10 0 1000 1000 120 3 0 0 1 0 400 99 99 99 99 99 99 99 99 1002020 1001020 0 0 0 0 7000 0
8421 PkWaterDevil 1 273 30000 0 60000 60000 1200 19 86 0 0 0 10 15 0 1000 1000 120 3 7200 0 1 0 400 9 21 9 9 21 21 9 9 1002020 1001020 1000 60 100 0 7000 0
8422 PkWaterDevil 1 273 30000 0 5785 4875 1200 19 86 0 0 0 5 15 0 2000 1000 120 3 4800 0 1 0 400 99 99 99 99 99 99 99 99 1002020 1001020 0 60 0 0 7000 0
8500 WaterLord 1 273 60000 0 1400 1400 2400 19 86 0 0 0 1 10 0 1000 1000 120 3 0 0 1 0 400 99 99 99 99 99 99 99 99 1002020 1001020 1000 40 100 0 7000 2000
9000 IronGuard 0 920 10000 0 148 148 405 100 45 0 0 0 4 4 0 1000 50 70 39 0 0 1 0 50 99 99 99 99 99 99 99 99 0 0 1000 0 100 1 7000 0
9001 CopperGuard 0 920 20000 0 269 269 707 100 55 0 0 0 4 4 0 1000 50 90 39 0 0 1 0 50 99 99 99 99 99 99 99 99 0 0 1001 0 100 1 7000 0
9002 SilverGuard 0 920 35000 0 476 476 1505 100 65 0 0 0 4 4 0 1000 50 110 39 0 0 1 0 50 99 99 99 99 99 99 99 99 0 0 1001 0 100 1 7000 0
9003 GoldGuard 0 920 60000 0 646 646 1680 100 75 0 0 0 4 4 0 1000 50 120 39 0 0 1 0 50 99 99 99 99 99 99 99 99 0 0 1002 0 100 1 7000 0
9005 GhostBat 0 148 3000 0 28 28 50 100 0 0 0 0 5 15 0 2000 50 15 39 0 0 1 0 50 99 99 99 99 99 99 99 99 0 0 4030 50 0 2 7000 0
9006 FastBat 0 148 6000 0 66 66 200 100 0 0 0 0 5 15 0 2000 50 40 39 0 0 1 0 50 99 99 99 99 99 99 99 99 0 0 4030 60 0 2 7000 0
9007 SwiftBat 0 148 15000 0 195 195 800 100 0 0 0 0 5 15 0 2000 50 70 39 0 0 1 0 50 99 99 99 99 99 99 99 99 0 0 4030 70 0 2 7000 0
9008 MagicBat 0 148 30000 0 448 448 1500 100 0 0 0 0 5 15 0 2000 50 100 39 0 0 1 0 50 99 99 99 99 99 99 99 99 0 0 4030 70 0 2 7000 0
9010 GhostBatBoss 0 548 10000 0 28 28 50 100 0 0 0 0 5 15 0 2000 50 15 39 0 0 1 0 50 99 99 99 99 99 99 99 99 0 0 4030 50 0 2 7000 0
9011 FastBatBoss 0 548 20000 0 66 66 200 100 0 0 0 0 5 15 0 2000 50 40 39 0 0 1 0 50 99 99 99 99 99 99 99 99 0 0 4030 60 0 2 7000 0
9012 SwiftBatBoss 0 548 35000 0 195 195 800 100 0 0 0 0 5 15 0 2000 50 70 39 0 0 1 0 50 99 99 99 99 99 99 99 99 0 0 4030 70 0 2 7000 0
9013 MagicBatBoss 0 548 60000 0 448 448 1500 100 0 0 0 0 5 15 0 2000 50 100 39 0 0 1 0 50 99 99 99 99 99 99 99 99 0 0 4030 70 0 2 7000 0
9015 EvilBatA 0 206 3000 0 14 14 50 100 30 0 0 0 1 15 0 2000 50 15 39 0 0 3 0 50 99 99 99 99 99 99 99 99 0 0 4040 0 0 1 7000 0
9016 EvilBatB 0 206 6000 0 50 30 200 100 40 0 0 0 1 15 0 2000 50 40 39 0 0 3 0 50 99 99 99 99 99 99 99 99 0 0 4040 0 0 1 7000 0
9017 EvilBatC 0 206 15000 0 90 50 800 100 50 0 0 0 1 15 0 2000 50 70 39 0 0 3 0 50 99 99 99 99 99 99 99 99 0 0 4040 0 0 1 7000 0
9018 EvilBatD 0 206 30000 0 130 70 1500 100 60 0 0 0 1 15 0 2000 50 100 39 0 0 3 0 50 99 99 99 99 99 99 99 99 0 0 4040 0 0 1 7000 0
9020 FireRatA 0 209 3000 0 16 16 50 100 50 0 0 0 8 15 0 700 50 15 39 0 0 1 0 50 99 99 99 99 99 99 99 99 0 0 1150 0 100 1 7000 0
9021 FireRatB 0 209 6000 0 60 60 300 100 60 0 0 0 8 15 0 700 50 40 39 0 0 1 0 50 99 99 99 99 99 99 99 99 0 0 1150 0 100 1 7000 0
9022 FireRatC 0 209 15000 0 130 130 1000 100 70 0 0 0 8 15 0 700 50 70 39 0 0 1 0 50 99 99 99 99 99 99 99 99 0 0 1150 0 100 1 7000 0
9023 FireRatD 0 209 30000 0 400 400 2000 100 80 0 0 0 8 15 0 700 50 100 39 0 0 1 0 50 99 99 99 99 99 99 99 99 0 0 1150 0 100 1 7000 0
9025 SkeletonA 0 211 10000 0 14 14 50 100 50 0 0 0 3 15 0 1500 50 15 39 0 0 2 0 50 99 99 99 99 99 99 99 99 0 0 0 0 100 1 7000 0
9026 SkeletonB 0 211 20000 0 50 30 300 100 60 0 0 0 3 15 0 1500 50 40 39 0 0 2 0 50 99 99 99 99 99 99 99 99 0 0 0 0 100 1 7000 0
9027 SkeletonC 0 211 35000 0 90 50 1500 100 70 0 0 0 3 15 0 1500 50 70 39 0 0 2 0 50 99 99 99 99 99 99 99 99 0 0 0 0 100 1 7000 0
9028 SkeletonD 0 211 60000 0 130 70 2000 100 80 0 0 0 3 15 0 1500 50 100 39 0 0 2 0 50 99 99 99 99 99 99 99 99 0 0 0 0 100 1 7000 0
