1 1002 224 197 1015 1010 710
2 1002 963 557 1011 11 376
3 1002 555 964 1020 381 21
4 1015 380 23 1013 54 81
5 1015 453 823 1020 919 559
6 1020 11 378 1012 532 529
7 1012 531 535 1020 23 383
8 1020 925 557 1011 453 819
9 1020 610 874 1075 360 10
10 1015 1018 710 1002 232 190
11 1015 790 480 1078 189 549
12 1078 180 546 1015 789 484
13 1015 760 510 1015 534 693
14 1015 438 659 1015 346 582
15 1015 340 554 1015 511 533
16 1015 443 586 1015 485 675
17 1015 538 690 1015 759 513
18 1015 485 783 1015 570 853
19 1015 565 852 1015 649 837
20 1015 644 838 1015 531 593
21 1015 587 601 1015 584 674
22 1015 588 679 1015 742 843
23 1015 741 837 1015 722 926
24 1015 668 909 1015 564 800
25 1015 297 597 1015 195 418
26 1015 154 414 1015 199 484
27 1015 206 487 1015 294 563
28 1015 5 377 1002 958 555
29 1002 402 388 1004 51 70
30 1004 51 73 1002 403 394
31 1000 78 320 1001 312 646
32 1001 313 652 1000 85 323
33 1011 5 377 1002 958 555
34 1000 976 668 1002 69 473
35 1020 377 9 1002 555 957
36 1011 448 823 1020 919 559
37 1028 157 90 1002 53 399
38 1011 380 24 1013 54 81
39 1013 55 87 1011 379 28
40 1013 58 22 1014 80 40
41 1014 79 33 1013 59 28
42 1015 231 431 1015 300 460
43 1015 311 464 1015 511 533
44 1015 355 443 1015 285 352
45 1015 287 358 1015 288 260
46 1015 281 255 1015 200 224
47 1015 201 229 1015 150 311
48 1015 154 306 1015 200 224
49 1015 475 347 1015 344 206
50 1015 374 222 1015 411 333
51 1015 372 165 1015 455 211
52 1015 462 215 1015 496 280
53 1015 496 288 1015 611 390
54 1015 612 398 1015 570 460
55 1008 23 29 1002 419 356
56 1075 360 5 1020 607 870
57 1020 610 874 1075 360 10
58 1020 926 557 1011 453 819
59 1020 11 377 1012 527 532
60 1020 378 9 1002 555 960
61 1005 51 73 1002 459 294
62 1015 668 908 1015 564 800
63 1015 486 783 1015 570 853
64 1015 202 230 1015 150 311
65 1015 537 690 1015 759 513
66 1015 355 442 1015 205 329
67 1015 366 165 1015 496 280
68 1015 760 511 1015 532 691
69 1015 789 480 1015 169 363
70 1015 1018 710 1002 232 190
71 1015 496 287 1015 609 390
72 1015 612 397 1015 698 520
73 1015 231 431 1015 389 499
74 1015 437 658 1015 345 597
75 1015 375 223 1015 410 332
76 1015 443 586 1015 485 675
77 1015 588 602 1015 584 674
78 1015 299 202 1015 288 260
79 1015 476 348 1015 344 206
80 1015 340 558 1015 511 533
81 1015 296 598 1015 195 418
82 1015 281 254 1015 200 224
83 1015 588 602 1015 584 674
84 1015 565 851 1015 649 837
85 1015 645 838 1015 531 593
86 1015 588 680 1015 742 843
87 1015 740 837 1015 722 926
88 1015 206 488 1015 294 561
89 1015 588 680 1015 742 843
90 1015 740 837 1015 722 926
91 1015 311 463 1015 511 533
92 1015 154 307 1015 200 224
93 1015 155 415 1015 199 484
94 1000 77 319 1001 312 646
95 1000 164 471 1077 755 872
96 1000 977 668 1002 74 464
97 1027 136 99 1000 312 11
98 1026 136 99 1020 528 890
99 1511 51 73 1002 430 380
100 1009 22 29 1002 430 380
101 1001 313 652 1000 85 323
102 1028 156 90 1002 53 399
103 1101 191 163 1002 430 380
104 1042 37 58 1002 342 723
105 1077 756 877 1000 161 466
106 1076 3 361 1011 851 482
107 1011 448 822 1020 919 559
108 1011 855 482 1076 7 361
109 1011 379 23 1013 54 81
110 1011 6 376 1002 958 555
111 1014 77 32 1013 59 28
112 1014 137 90 1016 50 82
113 1016 50 88 1014 133 89
114 1013 56 87 1011 379 28
115 1013 57 21 1014 81 41
116 1004 51 73 1002 402 391
117 1007 25 28 1002 430 380
118 1008 22 29 1002 430 380
119 1012 531 534 1020 16 379
120 1006 41 31 1002 386 391
121 1002 555 964 1020 379 14
122 1002 223 196 1015 1010 710
123 1002 44 394 1028 157 95
124 1002 963 557 1011 11 376
125 1002 401 387 1004 51 70
126 1002 383 388 1006 37 31
127 1025 27 65 1011 930 563
128 1098 33 43 1036 199 91
129 1099 53 86 1036 199 91
130 1100 191 163 1002 430 380
131 1102 191 163 1002 430 380
132 1103 191 163 1002 430 380
133 1104 191 163 1002 430 380
134 1105 191 163 1002 430 380
135 1106 191 163 1002 430 380
136 1107 191 163 1002 430 380
137 1108 191 163 1002 430 380
138 1109 191 163 1002 430 380
139 1204 3 160 1216 949 479
140 1216 954 479 1204 8 161
141 1204 1355 1199 1213 9 282
142 1213 4 281 1204 1350 1199
143 1213 1075 798 1201 8 201
144 1201 3 201 1213 1070 798
145 1201 594 397 1202 9 302
146 1202 3 301 1201 589 397
147 1202 694 398 1205 8 160
148 1205 3 160 1202 689 398
149 1205 1355 1198 1077 361 12
150 1216 479 954 1214 641 9
151 1214 635 3 1210 10 330
152 1214 799 1434 7020 360 10
153 7020 360 5 1214 797 1428
154 1216 480 3 1215 8 377
155 1215 3 376 1216 482 9
156 1215 938 567 1207 957 1209
157 1207 958 1214 1215 933 567
158 1207 260 4 1208 9 501
159 1208 3 500 1207 261 10
160 1210 4 329 1002 429 378
161 1211 955 558 1210 10 330
162 1211 3 400 1212 1003 1278
163 1212 1015 1295 1211 9 401
164 7010 1015 1295 1212 376 38
165 7000 313 652 1001 674 344
166 1212 906 1041 1212 942 1012
167 1212 942 1015 1212 903 1041
168 1212 1025 1038 1212 1087 1124
169 1212 1083 1120 1212 1022 1035
170 1212 896 891 1212 871 853
171 1212 872 847 1212 900 826
172 1212 898 828 1212 872 850
173 1212 1049 838 1212 1138 895
174 1212 1135 892 1212 1046 835
175 1212 846 555 1212 834 455
176 1212 837 458 1212 846 558
177 1212 810 677 1212 690 667
178 1212 693 667 1212 813 677
179 1212 710 377 1212 674 418
180 1212 674 415 1212 713 377
181 1212 620 399 1212 611 311
182 1212 861 846 1212 808 823
183 1212 811 826 1212 864 846
184 1212 781 841 1212 705 921
185 1212 708 921 1212 781 838
186 1212 580 824 1212 539 752
187 1212 542 755 1212 582 827
188 1212 476 688 1212 369 651
189 1212 372 651 1212 479 691
190 1212 352 512 1212 404 451
191 1212 404 454 1212 349 512
192 1212 392 387 1212 335 282
193 1212 338 285 1212 395 390
194 1212 310 171 1212 378 153
195 1212 375 153 1212 310 174
196 1212 614 314 1212 623 402
197 7010 906 1041 7010 942 1012
198 7010 942 1015 7010 903 1041
199 7010 1025 1038 7010 1087 1124
200 7010 1083 1120 7010 1022 1035
201 7010 896 891 7010 871 853
202 7010 872 847 7010 900 826
203 7010 898 828 7010 872 850
204 7010 1049 838 7010 1138 895
205 7010 1135 892 7010 1046 835
206 7010 846 555 7010 834 455
207 7010 837 458 7010 846 558
208 7010 810 677 7010 690 667
209 7010 693 667 7010 813 677
210 7010 710 377 7010 674 418
211 7010 674 415 7010 713 377
212 7010 620 399 7010 611 311
213 7010 861 846 7010 808 823
214 7010 811 826 7010 864 846
215 7010 781 841 7010 705 921
216 7010 708 921 7010 781 838
217 7010 580 824 7010 539 752
218 7010 542 755 7010 582 827
219 7010 476 688 7010 369 651
220 7010 372 651 7010 479 691
221 7010 352 512 7010 404 451
222 7010 404 454 7010 349 512
223 7010 392 387 7010 335 282
224 7010 338 285 7010 395 390
225 7010 310 171 7010 378 153
226 7010 375 153 7010 310 174
227 7010 614 314 7010 623 402
228 1025 114 162 4401 72 15
229 4401 73 13 1025 113 155
230 4401 114 162 4402 72 15
231 4402 73 13 4401 113 155
232 4402 114 162 4700 72 15
233 4402 168 111 4600 15 77
234 4600 13 78 4402 162 111
235 4401 168 111 4501 15 77
236 4501 13 78 4401 162 111
237 4501 114 162 4701 72 15
238 4701 73 13 4501 113 155
239 4402 168 111 4601 15 77
240 4601 15 77 4402 162 111
241 1025 168 111 4502 15 77
242 4502 13 78 1025 162 111
243 4502 168 111 4503 15 77
244 4503 13 78 4502 162 111
245 4503 168 111 4602 15 77
246 4602 13 78 4503 162 111
247 4503 114 162 4702 72 15
248 4702 73 13 4503 113 155
249 4502 114 162 4506 15 77
250 4506 13 78 4502 113 155
251 4506 168 111 4603 15 77
252 4603 13 78 4506 162 111
253 4506 114 162 4703 72 15
254 4703 73 13 4506 113 155
255 1075 468 113 1214 798 1429
256 1052 99 171 1052 197 208
257 1052 182 281 1052 239 234
258 1052 309 284 1052 239 234
259 1052 272 177 1052 195 185
260 1052 170 99 1052 195 185